100
800
0
99
0 7
0 9
0 14
0 38
0 41
0 56
0 63
0 64
0 70
0 80
0 90
0 91
1 9
1 22
1 29
1 43
1 44
1 45
1 60
1 62
1 64
1 70
1 75
1 84
1 87
1 90
1 94
2 2
2 18
2 22
2 23
2 26
2 33
2 36
2 45
2 46
2 50
2 55
2 79
2 99
3 11
3 12
3 14
3 21
3 31
3 36
3 43
3 44
3 46
3 49
3 52
3 53
3 55
3 67
3 69
3 74
3 86
3 89
3 97
3 98
4 9
4 21
4 30
4 37
4 50
4 64
4 67
4 78
4 83
4 86
4 98
5 7
5 10
5 12
5 16
5 22
5 28
5 33
5 40
5 51
5 57
5 59
5 68
5 69
5 73
5 85
5 87
5 99
6 14
6 19
6 25
6 30
6 32
6 33
6 36
6 37
6 41
6 44
6 51
6 55
6 72
6 77
6 79
6 92
6 93
6 95
6 98
7 14
7 29
7 46
7 47
7 50
7 51
7 56
7 62
7 82
7 91
7 92
7 93
7 99
8 15
8 21
8 25
8 32
8 40
8 44
8 47
8 48
8 65
8 67
8 79
8 90
9 19
9 21
9 27
9 33
9 37
9 44
9 59
9 71
9 79
9 89
9 92
9 97
10 10
10 23
10 32
10 44
10 46
10 60
10 66
10 69
10 71
10 76
10 80
10 85
10 91
10 95
11 18
11 30
11 34
11 38
11 39
11 54
11 56
11 59
11 64
11 65
11 67
11 71
11 73
11 80
11 81
11 92
12 37
12 38
12 47
12 49
12 52
12 53
12 54
12 63
12 66
12 74
12 81
13 22
13 24
13 35
13 44
13 54
13 56
13 60
13 69
13 70
13 76
13 77
13 99
14 15
14 17
14 20
14 21
14 46
14 50
14 55
14 66
14 88
14 92
14 93
15 17
15 45
15 48
15 49
15 51
15 55
15 61
15 70
15 82
15 83
15 86
15 94
16 35
16 48
16 51
16 56
16 58
16 66
16 67
16 68
16 73
16 78
16 83
16 87
16 96
16 99
17 19
17 47
17 49
17 55
17 56
17 57
17 67
17 81
17 82
17 92
17 95
18 33
18 36
18 38
18 47
18 49
18 63
18 71
18 72
18 74
18 77
18 81
18 91
19 26
19 29
19 38
19 40
19 45
19 48
19 52
19 72
19 74
19 97
20 25
20 31
20 37
20 41
20 42
20 43
20 51
20 56
20 57
20 84
20 86
20 95
21 21
21 28
21 29
21 30
21 31
21 39
21 42
21 51
21 55
21 56
21 59
21 60
21 67
21 70
21 74
21 77
21 81
21 82
21 83
21 92
21 95
22 26
22 36
22 52
22 57
22 66
22 70
22 76
22 77
22 83
22 88
22 91
22 96
23 26
23 31
23 34
23 53
23 57
23 58
23 61
23 73
23 80
23 83
23 97
24 30
24 47
24 49
24 51
24 62
24 65
24 68
24 73
24 85
24 93
24 99
25 33
25 35
25 36
25 39
25 42
25 46
25 49
25 50
25 56
25 65
25 66
25 70
25 76
25 86
25 91
25 94
26 32
26 33
26 37
26 38
26 41
26 48
26 54
26 59
26 77
27 27
27 41
27 47
27 55
27 59
27 64
27 71
27 74
27 85
27 92
27 93
28 29
28 31
28 57
28 59
28 66
28 78
28 80
28 81
28 83
28 86
28 99
29 30
29 50
29 61
29 66
29 83
29 93
30 33
30 39
30 40
30 41
30 44
30 50
30 52
30 58
30 73
30 75
30 76
30 90
30 96
30 98
31 32
31 36
31 38
31 43
31 47
31 54
31 60
31 63
31 65
31 67
31 69
31 92
31 98
32 32
32 36
32 46
32 59
32 61
32 64
32 70
32 74
32 82
32 83
32 84
32 87
32 89
32 99
33 41
33 46
33 50
33 64
33 79
33 82
33 85
33 87
34 35
34 38
34 41
34 63
34 68
34 73
34 74
34 76
34 82
34 83
34 98
34 99
35 40
35 41
35 44
35 49
35 55
35 61
35 76
35 78
35 98
36 38
36 42
36 45
36 51
36 52
36 53
36 54
36 61
36 70
36 71
36 79
36 84
36 87
36 99
37 41
37 46
37 51
37 55
37 56
37 62
37 66
37 69
37 74
37 78
37 80
37 83
37 92
37 95
38 49
38 62
38 67
38 73
38 80
38 97
39 43
39 46
39 52
39 58
39 60
39 61
39 62
39 65
39 67
39 78
39 80
39 86
39 87
40 43
40 53
40 54
40 83
40 86
40 90
40 98
40 99
41 41
41 54
41 61
41 65
41 67
41 74
41 83
42 51
42 58
42 67
42 72
42 74
42 78
42 83
42 85
42 86
42 94
42 96
43 49
43 50
43 53
43 54
43 65
43 70
43 74
43 75
43 80
43 87
44 52
44 60
44 71
44 77
44 80
44 81
44 83
44 90
44 93
44 99
45 56
45 61
45 70
45 78
45 85
45 87
45 92
46 53
46 57
46 62
46 77
46 84
46 87
46 99
47 47
47 51
47 55
47 59
47 75
47 81
47 85
47 93
47 96
48 52
48 65
48 73
48 76
48 83
48 86
49 49
49 53
49 71
49 82
49 86
49 89
49 91
49 92
49 98
49 99
50 50
50 60
50 61
50 64
50 68
50 80
50 86
50 88
51 52
51 59
51 66
51 68
51 69
51 70
51 74
51 75
51 78
51 82
51 87
51 98
52 55
52 64
52 68
52 80
52 86
52 90
52 98
53 59
53 61
53 64
53 74
53 85
53 88
53 95
54 57
54 58
54 60
54 62
54 79
54 80
55 59
55 63
55 64
55 79
55 84
55 89
55 93
56 59
56 62
56 66
56 75
56 85
56 86
56 99
57 58
57 63
57 64
57 67
57 69
57 78
57 81
57 86
57 88
57 93
57 94
57 99
58 63
58 64
58 68
58 70
58 76
58 80
58 81
58 82
58 85
58 87
58 90
58 94
58 96
59 62
59 69
59 73
59 83
59 88
59 89
59 93
59 95
60 64
60 76
60 79
60 84
60 86
60 88
60 91
61 61
61 63
61 75
61 82
62 62
62 64
62 66
62 81
62 82
62 92
62 94
62 96
62 99
63 68
63 88
64 64
64 67
64 71
64 73
64 92
64 98
64 99
65 67
65 71
65 77
65 82
65 83
65 97
66 72
66 74
66 82
66 91
67 70
67 73
67 87
68 70
68 71
68 75
68 89
69 69
69 71
69 90
69 99
70 70
70 97
71 75
71 87
71 89
71 92
71 94
72 73
72 81
72 83
72 86
72 95
73 77
73 78
73 79
73 81
73 84
74 77
74 78
74 82
74 88
74 89
74 99
75 95
75 97
76 80
76 86
77 83
77 85
77 87
78 81
78 87
78 88
78 94
78 95
79 82
79 83
79 86
79 94
79 98
80 83
80 95
80 96
81 86
81 88
81 93
82 87
82 91
82 93
83 84
83 96
83 97
83 99
84 87
85 95
85 98
86 93
87 89
87 90
87 93
87 95
87 99
88 93
88 99
89 90
89 94
89 96
89 98
90 94
91 94
91 95
91 96
93 96
95 99
