100
1600
0
99
0 2
0 9
0 17
0 37
0 40
0 42
0 45
0 46
0 50
0 51
0 52
0 53
0 55
0 59
0 62
0 64
0 65
0 73
0 74
0 77
0 78
0 79
0 80
0 81
0 88
0 89
0 91
0 94
0 96
1 1
1 3
1 9
1 24
1 25
1 37
1 39
1 40
1 46
1 48
1 49
1 51
1 52
1 53
1 55
1 56
1 57
1 58
1 62
1 66
1 71
1 73
1 74
1 76
1 77
1 79
1 80
1 81
1 85
1 86
1 87
1 88
1 89
1 90
1 92
1 93
1 99
2 19
2 25
2 28
2 32
2 44
2 50
2 51
2 53
2 55
2 57
2 60
2 61
2 63
2 64
2 65
2 66
2 67
2 69
2 74
2 78
2 79
2 80
2 82
2 83
2 86
2 88
2 89
2 90
2 91
2 92
2 95
2 96
2 98
3 18
3 20
3 41
3 45
3 49
3 55
3 60
3 61
3 65
3 66
3 69
3 70
3 79
3 80
3 81
3 85
3 86
3 87
3 91
3 93
3 95
4 7
4 24
4 31
4 33
4 37
4 42
4 46
4 50
4 52
4 56
4 57
4 58
4 59
4 61
4 62
4 63
4 65
4 69
4 73
4 75
4 79
4 82
4 86
4 87
4 88
4 89
4 93
4 94
4 95
4 96
4 97
4 98
4 99
5 9
5 20
5 32
5 52
5 53
5 56
5 59
5 63
5 66
5 67
5 68
5 69
5 71
5 72
5 73
5 75
5 76
5 78
5 79
5 82
5 83
5 86
5 89
5 90
5 91
5 92
5 93
5 94
5 96
5 97
5 98
5 99
6 28
6 33
6 36
6 42
6 47
6 48
6 49
6 53
6 54
6 56
6 62
6 63
6 64
6 65
6 66
6 67
6 68
6 69
6 71
6 72
6 75
6 79
6 80
6 83
6 84
6 87
6 88
6 91
6 93
6 97
6 98
6 99
7 9
7 26
7 47
7 50
7 51
7 52
7 55
7 56
7 58
7 59
7 60
7 62
7 63
7 64
7 65
7 70
7 76
7 80
7 81
7 83
7 85
7 86
7 88
7 90
7 91
7 92
7 93
7 94
7 97
7 98
7 99
8 16
8 44
8 46
8 49
8 51
8 53
8 55
8 56
8 57
8 59
8 60
8 61
8 62
8 64
8 66
8 68
8 69
8 72
8 73
8 76
8 77
8 80
8 81
8 88
8 91
8 92
8 93
8 94
8 96
8 97
8 98
8 99
9 16
9 17
9 22
9 32
9 33
9 51
9 53
9 54
9 57
9 61
9 62
9 64
9 67
9 69
9 71
9 72
9 73
9 75
9 76
9 78
9 81
9 82
9 85
9 87
9 88
9 90
9 94
9 96
9 97
10 15
10 16
10 47
10 48
10 50
10 51
10 54
10 59
10 61
10 62
10 66
10 67
10 68
10 69
10 70
10 71
10 73
10 75
10 76
10 81
10 83
10 84
10 85
10 88
10 90
10 91
10 92
10 94
10 95
10 96
10 98
10 99
11 12
11 14
11 27
11 35
11 36
11 41
11 51
11 52
11 53
11 54
11 55
11 57
11 59
11 62
11 63
11 64
11 67
11 69
11 71
11 73
11 74
11 75
11 76
11 79
11 81
11 84
11 86
11 87
11 88
11 90
11 93
11 96
11 98
11 99
12 12
12 29
12 31
12 45
12 48
12 51
12 52
12 54
12 56
12 57
12 62
12 67
12 68
12 69
12 72
12 73
12 74
12 75
12 76
12 77
12 78
12 79
12 81
12 82
12 84
12 85
12 86
12 89
12 90
12 91
12 92
12 93
12 97
12 99
13 22
13 26
13 28
13 30
13 46
13 50
13 52
13 54
13 55
13 58
13 59
13 62
13 63
13 71
13 74
13 78
13 79
13 80
13 81
13 83
13 87
13 88
13 91
13 92
13 93
13 95
13 99
14 21
14 22
14 44
14 52
14 54
14 56
14 57
14 61
14 66
14 70
14 75
14 77
14 81
14 83
14 84
14 86
14 87
14 89
14 90
14 93
14 96
14 97
14 99
15 15
15 20
15 22
15 43
15 52
15 54
15 55
15 57
15 58
15 59
15 60
15 61
15 62
15 63
15 64
15 65
15 66
15 67
15 71
15 73
15 78
15 79
15 82
15 84
15 85
15 86
15 91
15 92
15 98
16 21
16 27
16 33
16 44
16 46
16 47
16 51
16 55
16 57
16 58
16 59
16 65
16 66
16 68
16 69
16 70
16 71
16 73
16 74
16 75
16 79
16 81
16 82
16 83
16 85
16 86
16 87
16 88
16 89
16 91
16 92
16 94
16 95
16 97
16 98
17 19
17 20
17 23
17 37
17 50
17 51
17 53
17 55
17 56
17 57
17 58
17 59
17 60
17 61
17 62
17 63
17 65
17 67
17 71
17 72
17 73
17 74
17 75
17 80
17 83
17 84
17 85
17 86
17 87
17 88
17 89
17 90
17 92
17 93
17 94
17 98
17 99
18 18
18 21
18 28
18 36
18 48
18 50
18 53
18 54
18 56
18 58
18 62
18 66
18 67
18 68
18 72
18 75
18 76
18 77
18 78
18 80
18 81
18 84
18 85
18 87
18 88
18 94
18 98
19 34
19 35
19 36
19 37
19 38
19 45
19 52
19 55
19 56
19 57
19 58
19 59
19 60
19 62
19 63
19 67
19 70
19 71
19 72
19 73
19 78
19 79
19 80
19 82
19 83
19 85
19 89
19 92
19 95
19 97
19 99
20 24
20 45
20 53
20 54
20 56
20 57
20 62
20 69
20 71
20 74
20 75
20 76
20 78
20 79
20 80
20 81
20 82
20 83
20 86
20 87
20 89
20 90
20 92
20 95
20 96
20 99
21 26
21 55
21 56
21 57
21 59
21 62
21 63
21 67
21 70
21 72
21 78
21 79
21 82
21 83
21 84
21 85
21 87
21 88
21 89
21 90
21 92
21 93
21 96
21 99
22 30
22 34
22 50
22 51
22 52
22 53
22 55
22 56
22 58
22 59
22 61
22 62
22 64
22 65
22 68
22 69
22 70
22 73
22 75
22 79
22 81
22 83
22 85
22 86
22 88
22 89
22 92
22 93
22 96
22 97
22 99
23 36
23 47
23 48
23 49
23 51
23 55
23 56
23 61
23 62
23 67
23 68
23 71
23 72
23 73
23 75
23 78
23 79
23 80
23 84
23 86
23 87
23 89
23 90
23 92
23 93
23 94
23 97
24 40
24 42
24 43
24 46
24 50
24 53
24 54
24 56
24 58
24 61
24 62
24 64
24 65
24 66
24 67
24 68
24 72
24 73
24 76
24 77
24 78
24 81
24 82
24 84
24 88
24 89
24 90
24 93
24 95
24 97
24 98
24 99
25 28
25 30
25 31
25 39
25 51
25 52
25 53
25 55
25 63
25 65
25 66
25 69
25 72
25 77
25 80
25 82
25 84
25 88
25 90
25 92
25 97
25 99
26 42
26 46
26 50
26 53
26 55
26 56
26 58
26 63
26 66
26 67
26 69
26 71
26 73
26 74
26 76
26 77
26 79
26 83
26 84
26 85
26 88
26 89
26 90
26 92
26 94
26 98
26 99
27 31
27 32
27 36
27 38
27 57
27 58
27 59
27 61
27 62
27 63
27 65
27 69
27 71
27 72
27 74
27 75
27 80
27 82
27 83
27 84
27 86
27 89
27 90
27 91
27 92
27 94
27 95
27 97
27 98
28 31
28 38
28 41
28 55
28 59
28 61
28 64
28 70
28 72
28 73
28 78
28 79
28 80
28 81
28 82
28 83
28 84
28 85
28 87
28 88
28 89
28 91
28 97
28 98
29 39
29 40
29 52
29 54
29 55
29 57
29 59
29 60
29 62
29 63
29 65
29 70
29 72
29 73
29 75
29 77
29 79
29 80
29 81
29 83
29 84
29 86
29 87
29 88
29 92
29 93
29 95
29 97
29 99
30 44
30 48
30 50
30 51
30 53
30 54
30 56
30 59
30 60
30 63
30 64
30 66
30 67
30 70
30 73
30 75
30 76
30 77
30 78
30 79
30 80
30 81
30 85
30 87
30 88
30 89
30 91
30 93
30 95
30 97
30 98
30 99
31 39
31 44
31 46
31 51
31 52
31 53
31 54
31 58
31 60
31 61
31 62
31 63
31 64
31 66
31 67
31 68
31 69
31 70
31 73
31 76
31 79
31 81
31 84
31 85
31 90
31 92
31 93
31 95
31 97
31 98
31 99
32 47
32 52
32 53
32 56
32 57
32 60
32 63
32 64
32 65
32 66
32 68
32 69
32 70
32 72
32 76
32 78
32 81
32 82
32 85
32 86
32 87
32 91
32 92
32 93
32 94
32 97
32 98
32 99
33 45
33 50
33 51
33 55
33 56
33 57
33 58
33 59
33 61
33 63
33 64
33 66
33 67
33 69
33 70
33 72
33 74
33 75
33 77
33 80
33 83
33 85
33 87
33 89
33 90
33 91
33 94
33 98
33 99
34 34
34 35
34 43
34 44
34 50
34 51
34 52
34 53
34 54
34 56
34 58
34 59
34 60
34 61
34 64
34 65
34 66
34 67
34 68
34 71
34 72
34 75
34 78
34 83
34 85
34 87
34 95
34 97
34 98
34 99
35 40
35 44
35 53
35 54
35 57
35 59
35 60
35 62
35 65
35 67
35 68
35 69
35 72
35 75
35 76
35 77
35 79
35 80
35 84
35 85
35 86
35 88
35 93
35 95
35 96
35 97
35 98
36 38
36 49
36 53
36 54
36 55
36 56
36 59
36 62
36 63
36 64
36 65
36 69
36 71
36 73
36 76
36 77
36 78
36 79
36 80
36 82
36 84
36 90
36 95
36 98
37 44
37 46
37 50
37 51
37 54
37 55
37 57
37 59
37 62
37 64
37 65
37 66
37 67
37 68
37 69
37 70
37 71
37 75
37 77
37 80
37 83
37 88
37 93
37 94
37 97
38 48
38 50
38 52
38 54
38 56
38 57
38 58
38 59
38 61
38 63
38 64
38 67
38 69
38 74
38 79
38 80
38 81
38 83
38 84
38 85
38 86
38 87
38 88
38 90
38 92
38 95
38 96
38 97
38 99
39 42
39 44
39 50
39 56
39 59
39 64
39 70
39 72
39 78
39 83
39 84
39 85
39 86
39 87
39 92
39 93
39 95
39 96
39 98
40 45
40 51
40 52
40 53
40 56
40 66
40 68
40 69
40 70
40 71
40 73
40 75
40 77
40 80
40 83
40 84
40 86
40 87
40 90
40 91
40 94
40 95
40 97
40 98
40 99
41 43
41 45
41 48
41 50
41 51
41 52
41 53
41 59
41 61
41 63
41 67
41 68
41 72
41 73
41 75
41 76
41 78
41 83
41 86
41 87
41 88
41 90
41 91
41 92
41 94
41 95
41 96
42 43
42 46
42 50
42 52
42 53
42 55
42 57
42 58
42 59
42 61
42 62
42 63
42 64
42 66
42 67
42 68
42 69
42 70
42 71
42 74
42 77
42 80
42 83
42 87
42 89
42 90
42 91
42 93
42 94
42 95
42 96
42 99
43 54
43 57
43 58
43 59
43 61
43 64
43 67
43 68
43 69
43 72
43 73
43 77
43 79
43 80
43 82
43 83
43 85
43 86
43 87
43 88
43 94
43 95
43 99
44 50
44 54
44 59
44 61
44 62
44 63
44 64
44 66
44 68
44 69
44 71
44 72
44 73
44 75
44 77
44 79
44 81
44 85
44 87
44 88
44 90
44 91
44 92
44 93
44 95
44 96
44 99
45 49
45 51
45 52
45 53
45 54
45 55
45 56
45 57
45 58
45 65
45 67
45 71
45 72
45 73
45 77
45 78
45 79
45 83
45 84
45 85
45 87
45 89
45 96
45 98
46 50
46 51
46 52
46 53
46 54
46 56
46 59
46 60
46 61
46 64
46 66
46 67
46 68
46 70
46 71
46 72
46 73
46 76
46 79
46 80
46 81
46 82
46 84
46 86
46 87
46 89
46 94
46 95
46 96
46 97
46 98
46 99
47 52
47 57
47 58
47 63
47 67
47 68
47 70
47 73
47 76
47 79
47 80
47 82
47 83
47 84
47 86
47 87
47 89
47 90
47 91
47 96
47 97
47 98
47 99
48 50
48 52
48 54
48 55
48 56
48 60
48 65
48 66
48 68
48 71
48 72
48 75
48 76
48 77
48 78
48 82
48 84
48 86
48 87
48 89
48 91
48 93
48 96
48 97
48 98
49 53
49 54
49 56
49 60
49 62
49 64
49 66
49 67
49 68
49 72
49 73
49 74
49 76
49 77
49 78
49 79
49 81
49 82
49 83
49 84
49 87
49 88
49 90
49 91
49 93
49 97
50 57
50 58
50 59
50 89
50 92
50 96
50 97
51 57
51 60
51 81
51 85
51 87
51 94
51 99
52 56
52 57
52 76
52 86
52 90
52 99
53 68
53 71
53 83
53 89
53 93
53 95
54 60
54 62
54 69
54 79
54 99
55 57
55 68
55 87
55 91
55 96
55 97
55 98
56 60
56 61
56 70
56 73
56 76
56 84
56 89
56 90
56 92
57 60
57 67
57 74
57 86
57 88
57 93
57 94
57 96
57 97
58 59
58 61
58 62
58 69
58 73
58 79
58 84
58 89
59 72
59 83
59 85
59 96
59 99
60 60
60 62
60 70
60 79
60 81
60 84
60 92
61 73
61 75
61 95
62 63
62 69
62 85
62 98
63 70
63 76
63 79
63 88
63 97
64 88
65 81
65 91
65 96
66 66
66 68
66 74
66 79
66 81
67 70
67 73
67 76
67 78
67 84
67 85
67 92
67 93
67 94
67 96
67 98
69 73
69 75
69 87
70 74
70 78
70 88
70 97
70 99
71 78
71 80
71 84
71 86
71 91
71 93
72 79
72 84
73 83
73 91
73 93
75 75
75 83
75 89
75 95
75 96
76 79
76 82
76 90
76 94
76 95
77 77
77 83
77 87
77 94
77 98
78 81
78 94
78 97
79 84
79 95
80 83
80 87
80 91
80 92
81 87
82 83
82 95
82 97
83 90
85 93
86 87
86 88
86 94
86 97
87 96
88 91
88 93
89 90
89 94
89 95
90 95
91 97
92 94
92 95
92 99
95 95
