100
600
0
99
0 9
0 10
0 12
0 31
0 45
0 46
0 56
0 57
0 83
0 93
1 8
1 14
1 16
1 23
1 26
1 55
1 57
1 64
1 75
1 81
1 88
1 90
1 92
2 4
2 8
2 22
2 23
2 32
2 57
2 63
2 66
2 73
2 75
2 86
2 87
3 8
3 12
3 13
3 28
3 46
3 48
3 49
3 68
3 69
3 75
3 78
3 86
4 12
4 16
4 17
4 33
4 44
4 45
4 47
4 48
4 57
4 62
4 73
4 75
4 80
4 94
5 15
5 18
5 28
5 60
5 62
5 64
5 70
5 77
5 89
5 93
5 98
6 40
6 86
6 89
6 92
6 99
7 30
7 34
7 58
7 59
7 64
7 65
7 72
7 82
7 83
7 91
7 97
7 99
8 9
8 29
8 36
8 60
8 75
8 94
9 9
9 33
9 37
9 38
9 50
9 51
9 53
9 55
9 57
9 79
10 11
10 14
10 27
10 32
10 37
10 49
10 51
10 64
10 72
10 79
10 94
11 11
11 16
11 19
11 23
11 29
11 36
11 47
11 50
11 54
11 58
11 59
11 83
11 97
12 16
12 19
12 23
12 27
12 54
12 78
12 86
13 19
13 20
13 21
13 40
13 42
13 47
13 48
13 50
13 57
13 73
14 24
14 26
14 41
14 44
14 55
14 65
14 74
14 75
14 83
14 91
14 94
14 95
14 97
15 18
15 23
15 27
15 51
15 55
15 57
15 58
15 60
15 77
15 98
16 31
16 33
16 34
16 41
16 44
16 51
16 53
16 67
16 76
16 81
16 96
16 98
17 25
17 26
17 29
17 31
17 33
17 42
17 47
17 64
17 65
17 70
17 76
17 92
18 23
18 24
18 41
18 45
18 46
18 65
18 68
18 76
18 81
18 96
18 97
19 24
19 29
19 31
19 38
19 52
19 71
19 91
19 94
20 56
20 60
20 70
20 77
20 79
20 84
20 88
20 90
20 99
21 36
21 38
21 39
21 44
21 51
21 61
21 87
21 95
22 23
22 25
22 26
22 27
22 35
22 41
22 50
22 51
22 58
22 61
22 62
22 65
22 69
22 72
22 82
23 27
23 28
23 29
23 30
23 36
23 45
23 49
23 54
23 57
23 64
23 70
23 74
23 85
23 98
24 31
25 31
25 32
25 39
25 47
25 54
25 61
25 68
25 95
25 96
26 37
26 67
26 69
26 75
27 28
27 37
27 51
27 62
27 70
27 71
27 77
28 35
28 45
28 57
28 63
28 64
28 68
28 70
28 72
28 87
29 31
29 33
29 34
29 42
29 51
29 52
29 66
29 80
30 30
30 31
30 43
30 57
30 69
30 71
30 76
30 80
30 91
31 31
31 33
31 49
31 54
31 58
31 67
31 71
31 74
31 92
31 93
32 41
32 56
32 57
32 72
32 78
32 85
32 87
32 97
33 36
33 38
33 52
33 59
33 63
33 65
33 71
33 79
33 89
33 94
34 36
34 38
34 51
34 52
34 74
34 78
34 79
34 84
34 86
34 89
34 92
35 37
35 43
35 65
35 66
35 82
35 93
35 95
36 47
36 51
36 59
36 61
36 64
36 70
36 72
36 89
37 38
37 67
37 83
37 84
37 94
37 97
37 99
38 54
38 55
38 58
38 63
39 41
39 59
39 62
39 80
39 83
39 84
39 95
40 41
40 44
40 50
40 55
40 89
41 48
41 73
41 74
41 80
41 82
41 84
41 88
41 91
41 95
41 98
42 47
42 52
42 62
42 75
42 91
43 44
43 55
43 79
43 82
43 85
43 92
43 94
44 62
44 64
44 77
44 78
44 81
44 89
44 92
44 96
45 45
45 51
45 71
45 93
45 98
46 53
46 58
46 62
46 83
47 53
47 56
47 61
47 66
47 70
47 71
47 75
47 77
47 80
47 95
47 96
47 97
48 58
48 66
48 79
48 86
48 90
48 92
49 59
49 60
49 63
49 82
50 56
50 59
50 62
50 80
50 84
50 90
50 97
50 98
51 54
51 67
51 70
52 59
52 74
52 76
52 90
52 92
53 62
53 82
53 86
53 90
53 99
54 59
54 70
54 72
54 74
54 83
54 84
54 88
55 62
55 67
55 71
55 73
55 78
55 80
55 98
55 99
56 96
57 60
57 76
57 77
57 91
57 93
57 99
58 58
58 69
58 71
58 88
58 95
58 96
59 62
59 63
59 70
60 72
60 89
60 94
61 63
61 65
61 66
61 72
61 85
61 88
61 98
62 91
62 97
63 72
63 73
63 76
63 83
63 84
64 70
64 83
64 84
64 86
64 91
64 99
65 70
65 72
65 88
65 93
66 66
66 80
66 82
66 83
66 91
66 97
66 98
67 69
67 78
67 85
67 92
68 69
68 81
68 89
68 93
69 83
69 87
70 70
70 78
70 84
70 91
70 98
71 76
71 77
71 79
71 82
71 97
72 74
72 80
72 81
72 94
73 73
73 79
73 93
73 94
73 96
74 80
74 98
74 99
75 84
75 89
75 92
77 81
77 91
77 95
77 96
78 82
78 93
78 95
79 81
79 85
79 87
79 93
80 80
80 84
80 85
81 85
81 95
83 92
83 93
83 95
83 98
84 95
84 98
87 87
87 90
87 93
87 96
87 97
87 99
88 89
88 97
89 97
92 95
92 97
93 94
95 96
96 99
