100
700
0
99
0 15
0 18
0 24
0 25
0 26
0 28
0 35
0 36
0 43
0 45
0 55
0 60
0 61
0 62
0 64
0 70
0 71
1 9
1 10
1 14
1 19
1 39
1 40
1 42
1 46
1 52
1 62
1 64
1 68
1 74
1 76
1 86
1 87
1 90
1 91
1 98
2 2
2 5
2 7
2 11
2 22
2 35
2 38
2 68
2 69
2 73
2 78
2 79
2 85
2 88
2 99
3 4
3 12
3 16
3 21
3 43
3 54
3 58
3 62
3 69
3 78
3 85
3 94
4 4
4 21
4 23
4 26
4 35
4 44
4 46
4 52
4 56
4 64
4 66
4 68
4 73
4 74
4 77
4 81
4 82
4 94
4 97
5 36
5 41
5 46
5 47
5 52
5 53
5 58
5 62
5 68
5 86
5 87
5 91
5 93
5 94
5 98
6 15
6 18
6 22
6 46
6 59
6 68
6 69
6 90
7 8
7 11
7 35
7 43
7 44
7 54
7 74
7 99
8 14
8 21
8 36
8 48
8 54
8 60
8 61
8 63
8 67
8 69
8 77
8 80
8 84
8 87
9 15
9 37
9 49
9 61
9 66
9 69
9 72
9 74
9 76
9 86
10 11
10 14
10 18
10 19
10 22
10 26
10 33
10 37
10 43
10 45
10 47
10 61
10 62
10 64
10 81
10 82
10 97
11 17
11 23
11 27
11 43
11 45
11 55
11 59
11 65
11 79
11 91
12 21
12 32
12 38
12 52
12 62
12 65
12 71
12 85
12 89
12 90
12 94
12 95
13 17
13 22
13 32
13 55
13 56
13 59
13 81
13 89
13 95
13 98
14 19
14 22
14 30
14 31
14 45
14 46
14 54
14 61
14 65
14 67
14 92
15 18
15 22
15 26
15 31
15 38
15 44
15 66
15 83
15 89
15 92
16 30
16 32
16 34
16 41
16 44
16 45
16 52
16 66
16 68
16 72
16 74
16 76
16 77
16 95
17 17
17 25
17 27
17 34
17 36
17 50
17 60
17 64
17 75
17 79
17 82
17 91
17 94
18 21
18 27
18 28
18 29
18 51
18 56
18 63
18 74
18 94
18 97
19 26
19 48
19 56
19 60
19 61
19 64
19 78
19 93
20 26
20 32
20 42
20 48
20 50
20 56
20 62
20 77
20 96
21 27
21 29
21 39
21 56
21 73
21 85
21 88
21 99
22 22
22 27
22 40
22 54
22 61
22 62
23 23
23 28
23 34
23 36
23 44
23 51
23 57
23 64
23 69
23 71
23 93
24 28
24 32
24 33
24 40
24 46
24 50
24 51
24 55
24 62
24 63
24 65
24 66
24 68
24 87
24 92
24 99
25 31
25 32
25 39
25 40
25 48
25 51
25 60
25 63
25 79
25 81
26 29
26 39
26 40
26 46
26 69
26 76
26 77
26 96
27 38
27 45
27 47
27 49
27 50
27 61
27 62
27 68
27 69
27 86
27 87
27 88
27 95
27 97
28 30
28 35
28 45
28 51
28 52
28 55
28 64
28 67
28 69
28 70
28 80
28 98
29 47
29 57
29 66
29 68
29 70
29 74
29 78
29 82
29 97
30 45
30 73
31 35
31 38
31 48
31 53
31 73
31 77
31 84
31 96
31 97
32 36
32 37
32 53
32 57
32 68
32 70
32 71
32 74
32 80
32 95
32 97
33 34
33 40
33 48
33 49
33 52
33 53
33 54
33 65
33 66
33 68
33 69
33 76
33 82
33 85
33 86
33 87
33 91
33 98
34 47
34 52
34 61
34 63
34 66
34 82
34 94
35 48
35 52
35 55
35 56
35 76
35 88
35 89
35 94
35 99
36 40
36 47
36 57
36 63
36 72
36 87
36 96
37 37
37 48
37 71
37 77
37 83
37 87
38 40
38 58
38 88
38 94
38 99
39 41
39 51
39 57
39 59
39 62
39 63
39 67
39 69
39 90
40 53
40 55
40 56
40 76
40 83
40 86
41 45
41 56
41 58
41 67
41 71
41 73
41 83
41 85
41 93
41 97
42 45
42 48
42 50
42 73
42 80
42 81
42 82
42 96
42 97
43 52
43 55
43 61
43 85
43 88
43 89
43 95
44 58
44 61
44 80
44 84
44 89
44 92
45 47
45 50
45 51
45 54
45 56
45 58
45 62
45 73
45 77
45 79
45 89
45 96
46 46
46 62
46 65
46 70
46 78
46 92
46 97
47 57
47 71
47 75
47 81
47 87
47 89
47 92
47 94
48 56
48 59
48 61
48 64
48 70
48 73
48 77
48 82
48 83
48 85
48 93
48 98
48 99
49 58
49 62
49 63
49 70
49 77
49 90
49 92
50 51
50 59
50 60
50 62
50 73
50 83
50 85
51 54
51 57
51 58
51 72
51 78
51 83
51 96
52 52
52 56
52 71
52 73
52 77
52 82
52 90
52 91
52 97
53 61
53 63
53 67
53 72
53 87
54 60
54 66
54 70
54 74
54 80
54 85
54 87
54 93
55 55
55 56
55 65
55 73
55 80
55 84
55 89
56 56
56 64
56 66
56 70
56 82
56 90
57 60
57 63
57 74
57 77
57 79
57 89
57 91
57 98
58 73
58 75
58 79
58 87
58 99
59 72
59 73
59 76
59 85
59 89
59 92
60 71
60 73
60 75
60 78
61 62
61 67
61 69
61 72
61 83
61 88
61 94
62 68
62 74
62 77
62 81
63 81
63 90
63 95
64 64
64 67
64 82
65 66
65 76
65 98
66 96
66 97
67 75
67 78
67 82
67 91
67 96
68 71
68 73
68 75
68 80
68 81
68 95
68 96
69 69
69 78
69 79
69 82
69 86
70 72
70 86
70 88
70 90
70 93
71 73
71 77
71 90
71 91
71 96
71 99
72 89
72 99
73 74
73 76
74 85
74 94
75 75
75 77
75 86
75 90
75 91
75 98
76 91
77 79
77 82
77 92
77 98
78 79
78 80
78 84
78 86
78 91
78 96
79 84
79 89
79 94
79 96
79 98
80 91
81 85
81 89
81 94
82 83
82 84
82 94
82 97
83 85
84 89
84 99
85 86
85 87
85 88
85 96
86 89
86 92
86 93
86 94
88 92
90 90
90 94
93 94
94 94
94 98
95 96
96 96
