100
2000
0
99
0 2
0 5
0 8
0 20
0 47
0 48
0 52
0 53
0 54
0 56
0 59
0 61
0 62
0 64
0 66
0 68
0 69
0 70
0 71
0 75
0 76
0 77
0 78
0 79
0 80
0 81
0 82
0 84
0 85
0 86
0 88
0 90
0 91
0 95
0 97
0 98
1 2
1 3
1 10
1 18
1 19
1 20
1 24
1 27
1 31
1 32
1 36
1 42
1 43
1 45
1 51
1 52
1 54
1 60
1 61
1 63
1 65
1 67
1 68
1 71
1 78
1 79
1 80
1 81
1 83
1 84
1 85
1 86
1 88
1 89
1 90
1 91
1 94
1 95
1 97
1 98
2 20
2 27
2 54
2 55
2 58
2 59
2 62
2 63
2 64
2 65
2 66
2 67
2 69
2 70
2 71
2 74
2 75
2 76
2 77
2 79
2 80
2 81
2 84
2 86
2 87
2 88
2 91
2 92
2 93
2 94
2 96
2 99
3 4
3 8
3 21
3 22
3 26
3 28
3 33
3 39
3 40
3 43
3 46
3 49
3 50
3 51
3 54
3 56
3 58
3 60
3 65
3 66
3 68
3 69
3 70
3 71
3 72
3 73
3 74
3 75
3 76
3 78
3 79
3 80
3 81
3 83
3 86
3 87
3 89
3 93
3 96
3 98
4 4
4 11
4 12
4 25
4 30
4 40
4 50
4 51
4 52
4 53
4 54
4 56
4 57
4 58
4 59
4 60
4 61
4 62
4 63
4 64
4 66
4 67
4 68
4 70
4 71
4 72
4 75
4 76
4 77
4 78
4 80
4 82
4 85
4 86
4 87
4 91
4 92
4 93
4 94
4 95
4 96
4 99
5 5
5 9
5 12
5 13
5 19
5 34
5 45
5 52
5 53
5 54
5 55
5 57
5 58
5 62
5 63
5 67
5 69
5 70
5 71
5 73
5 75
5 76
5 77
5 79
5 81
5 82
5 83
5 84
5 86
5 88
5 89
5 91
5 92
5 95
5 97
5 98
5 99
6 8
6 10
6 16
6 19
6 30
6 33
6 35
6 39
6 50
6 53
6 55
6 56
6 60
6 61
6 62
6 63
6 65
6 66
6 67
6 68
6 69
6 70
6 72
6 74
6 76
6 77
6 79
6 81
6 82
6 83
6 84
6 85
6 89
6 91
6 93
6 94
6 97
6 98
7 9
7 21
7 22
7 31
7 44
7 46
7 47
7 49
7 50
7 53
7 54
7 56
7 57
7 60
7 61
7 62
7 65
7 67
7 70
7 72
7 74
7 75
7 77
7 78
7 79
7 80
7 81
7 82
7 83
7 85
7 88
7 89
7 90
7 91
7 92
7 93
7 94
7 95
7 96
7 99
8 11
8 14
8 21
8 24
8 29
8 34
8 37
8 39
8 41
8 44
8 47
8 48
8 50
8 52
8 56
8 58
8 59
8 61
8 62
8 63
8 64
8 65
8 66
8 67
8 68
8 70
8 71
8 73
8 74
8 75
8 77
8 79
8 80
8 81
8 82
8 87
8 91
8 92
8 93
8 94
8 97
8 98
8 99
9 17
9 24
9 38
9 46
9 50
9 52
9 53
9 54
9 56
9 57
9 58
9 60
9 61
9 62
9 64
9 65
9 66
9 67
9 69
9 70
9 73
9 75
9 79
9 80
9 84
9 85
9 86
9 87
9 88
9 89
9 93
9 96
9 97
9 98
9 99
10 12
10 20
10 26
10 37
10 40
10 50
10 51
10 52
10 55
10 56
10 58
10 59
10 63
10 65
10 66
10 69
10 70
10 71
10 75
10 76
10 77
10 79
10 81
10 83
10 84
10 85
10 87
10 89
10 90
10 91
10 92
10 94
10 95
10 96
10 97
10 98
10 99
11 20
11 26
11 28
11 41
11 43
11 46
11 48
11 52
11 54
11 56
11 57
11 58
11 59
11 60
11 62
11 67
11 69
11 71
11 72
11 73
11 76
11 77
11 78
11 79
11 80
11 81
11 82
11 83
11 85
11 86
11 87
11 89
11 93
11 96
11 97
12 21
12 25
12 27
12 39
12 46
12 51
12 52
12 54
12 56
12 57
12 59
12 60
12 61
12 62
12 63
12 67
12 68
12 72
12 76
12 78
12 79
12 81
12 82
12 83
12 84
12 85
12 87
12 88
12 89
12 90
12 91
12 92
12 93
12 94
12 98
12 99
13 21
13 22
13 31
13 46
13 51
13 52
13 54
13 55
13 57
13 60
13 61
13 63
13 66
13 68
13 70
13 71
13 72
13 73
13 74
13 75
13 76
13 77
13 80
13 81
13 86
13 87
13 88
13 90
13 91
13 92
13 93
13 95
13 97
13 99
14 16
14 18
14 26
14 31
14 32
14 36
14 37
14 42
14 48
14 52
14 56
14 57
14 58
14 59
14 60
14 63
14 64
14 66
14 67
14 68
14 70
14 72
14 75
14 76
14 78
14 80
14 82
14 83
14 89
14 91
14 92
14 93
14 97
14 98
15 17
15 18
15 22
15 24
15 25
15 26
15 32
15 36
15 43
15 50
15 52
15 55
15 57
15 58
15 59
15 60
15 61
15 62
15 63
15 64
15 67
15 69
15 70
15 71
15 73
15 76
15 77
15 78
15 79
15 81
15 82
15 83
15 84
15 85
15 87
15 88
15 91
15 92
15 93
15 94
15 97
15 99
16 17
16 21
16 23
16 24
16 26
16 29
16 32
16 33
16 38
16 40
16 49
16 50
16 51
16 53
16 54
16 55
16 56
16 57
16 58
16 60
16 61
16 62
16 63
16 64
16 66
16 67
16 68
16 70
16 72
16 73
16 74
16 77
16 78
16 79
16 80
16 81
16 82
16 83
16 84
16 85
16 86
16 90
16 92
16 93
16 94
16 96
16 97
16 99
17 28
17 34
17 36
17 37
17 50
17 51
17 52
17 53
17 54
17 56
17 57
17 59
17 60
17 61
17 62
17 63
17 64
17 66
17 68
17 69
17 71
17 72
17 73
17 74
17 75
17 76
17 77
17 78
17 79
17 80
17 84
17 86
17 87
17 88
17 89
17 93
17 94
17 98
17 99
18 19
18 25
18 36
18 50
18 51
18 52
18 53
18 54
18 55
18 56
18 57
18 58
18 61
18 63
18 64
18 65
18 66
18 67
18 68
18 70
18 71
18 72
18 74
18 75
18 78
18 79
18 82
18 83
18 84
18 85
18 86
18 88
18 91
18 92
18 93
18 94
18 95
18 96
18 98
18 99
19 19
19 22
19 25
19 27
19 28
19 31
19 40
19 42
19 43
19 44
19 51
19 53
19 54
19 56
19 58
19 63
19 65
19 66
19 68
19 69
19 70
19 72
19 73
19 74
19 75
19 77
19 78
19 79
19 83
19 84
19 86
19 88
19 89
19 92
19 95
19 96
19 97
19 98
19 99
20 20
20 23
20 32
20 37
20 50
20 51
20 52
20 55
20 58
20 59
20 61
20 62
20 63
20 64
20 66
20 68
20 70
20 71
20 72
20 73
20 74
20 75
20 76
20 77
20 78
20 79
20 80
20 82
20 84
20 86
20 87
20 89
20 90
20 91
20 92
20 93
20 94
20 96
20 97
21 24
21 33
21 34
21 35
21 39
21 44
21 45
21 46
21 50
21 51
21 52
21 56
21 58
21 59
21 60
21 62
21 63
21 64
21 67
21 68
21 70
21 71
21 74
21 80
21 81
21 83
21 85
21 86
21 88
21 90
21 91
21 92
21 94
21 95
21 96
21 98
21 99
22 28
22 36
22 44
22 48
22 50
22 51
22 52
22 55
22 56
22 57
22 59
22 60
22 61
22 63
22 64
22 66
22 68
22 69
22 71
22 72
22 73
22 74
22 75
22 76
22 78
22 81
22 83
22 88
22 89
22 90
22 91
22 95
22 96
22 98
22 99
23 24
23 29
23 34
23 49
23 50
23 52
23 53
23 55
23 57
23 59
23 60
23 61
23 62
23 63
23 64
23 65
23 67
23 68
23 69
23 70
23 71
23 72
23 73
23 74
23 76
23 77
23 78
23 80
23 81
23 82
23 83
23 85
23 86
23 87
23 89
23 90
23 91
23 93
23 95
23 96
23 99
24 29
24 31
24 32
24 35
24 36
24 37
24 38
24 47
24 50
24 51
24 53
24 56
24 59
24 60
24 61
24 62
24 63
24 64
24 66
24 69
24 70
24 72
24 73
24 74
24 75
24 76
24 77
24 79
24 80
24 82
24 83
24 84
24 88
24 89
24 90
24 91
24 95
24 96
24 99
25 28
25 35
25 36
25 44
25 45
25 46
25 47
25 48
25 51
25 52
25 54
25 55
25 56
25 57
25 58
25 60
25 61
25 63
25 64
25 65
25 66
25 68
25 69
25 70
25 71
25 78
25 79
25 81
25 82
25 83
25 85
25 86
25 87
25 89
25 90
25 92
25 93
25 94
25 95
25 98
26 32
26 36
26 39
26 40
26 47
26 50
26 51
26 53
26 55
26 56
26 57
26 59
26 60
26 61
26 62
26 63
26 64
26 66
26 67
26 68
26 69
26 71
26 72
26 74
26 75
26 76
26 78
26 79
26 80
26 82
26 83
26 86
26 88
26 90
26 92
26 94
26 95
26 98
26 99
27 34
27 35
27 36
27 46
27 51
27 52
27 53
27 56
27 57
27 58
27 59
27 60
27 61
27 64
27 66
27 67
27 69
27 73
27 75
27 76
27 78
27 81
27 82
27 84
27 85
27 87
27 88
27 89
27 90
27 93
27 95
27 96
27 99
28 31
28 36
28 48
28 55
28 57
28 58
28 59
28 60
28 63
28 68
28 70
28 72
28 74
28 75
28 76
28 79
28 81
28 82
28 85
28 86
28 87
28 88
28 89
28 90
28 92
28 93
28 94
28 95
28 96
28 97
28 99
29 32
29 36
29 51
29 53
29 54
29 57
29 60
29 61
29 63
29 64
29 65
29 68
29 70
29 72
29 73
29 74
29 75
29 76
29 77
29 80
29 83
29 84
29 85
29 87
29 90
29 94
29 95
29 97
29 98
30 48
30 50
30 52
30 53
30 54
30 59
30 60
30 61
30 62
30 63
30 65
30 66
30 67
30 69
30 70
30 72
30 74
30 76
30 77
30 78
30 79
30 81
30 82
30 83
30 84
30 85
30 87
30 89
30 90
30 92
30 93
30 95
30 96
30 99
31 45
31 46
31 50
31 51
31 55
31 56
31 57
31 58
31 60
31 61
31 62
31 64
31 65
31 66
31 68
31 69
31 70
31 73
31 75
31 77
31 78
31 79
31 80
31 83
31 84
31 87
31 89
31 90
31 91
31 92
31 93
31 95
31 96
31 97
31 98
31 99
32 36
32 42
32 45
32 46
32 49
32 52
32 53
32 54
32 56
32 57
32 58
32 60
32 62
32 63
32 65
32 67
32 70
32 71
32 77
32 79
32 84
32 85
32 87
32 88
32 89
32 91
32 92
32 94
32 95
32 96
32 99
33 34
33 36
33 40
33 46
33 49
33 51
33 52
33 53
33 54
33 55
33 56
33 57
33 60
33 61
33 63
33 65
33 69
33 70
33 71
33 73
33 75
33 77
33 79
33 81
33 85
33 86
33 88
33 90
33 92
33 94
33 95
33 96
33 97
33 98
33 99
34 34
34 47
34 50
34 51
34 52
34 53
34 54
34 55
34 58
34 59
34 60
34 61
34 62
34 63
34 64
34 66
34 67
34 70
34 72
34 73
34 79
34 80
34 81
34 82
34 83
34 84
34 85
34 86
34 87
34 88
34 89
34 91
34 92
34 93
34 94
34 96
34 97
34 98
34 99
35 39
35 42
35 46
35 48
35 50
35 51
35 53
35 54
35 55
35 56
35 57
35 58
35 60
35 63
35 65
35 66
35 67
35 69
35 70
35 72
35 73
35 74
35 75
35 77
35 78
35 81
35 82
35 83
35 84
35 86
35 87
35 89
35 90
35 91
35 92
35 94
35 95
35 98
35 99
36 38
36 39
36 50
36 51
36 52
36 53
36 54
36 57
36 58
36 59
36 60
36 61
36 62
36 68
36 69
36 70
36 71
36 73
36 75
36 81
36 82
36 83
36 84
36 87
36 88
36 90
36 91
36 92
36 94
36 95
36 99
37 50
37 52
37 53
37 56
37 57
37 58
37 61
37 62
37 63
37 65
37 66
37 67
37 68
37 73
37 77
37 78
37 79
37 80
37 81
37 82
37 83
37 84
37 87
37 88
37 89
37 90
37 91
37 92
37 93
37 94
37 95
37 96
37 97
37 98
37 99
38 45
38 49
38 51
38 54
38 55
38 56
38 57
38 58
38 60
38 61
38 63
38 64
38 67
38 68
38 69
38 70
38 71
38 72
38 73
38 74
38 79
38 83
38 84
38 85
38 87
38 88
38 89
38 91
38 92
38 93
38 94
38 95
38 96
38 97
38 98
38 99
39 46
39 50
39 54
39 55
39 56
39 58
39 59
39 60
39 61
39 62
39 63
39 64
39 66
39 69
39 71
39 73
39 74
39 76
39 78
39 79
39 83
39 84
39 85
39 87
39 88
39 89
39 90
39 91
39 93
39 94
39 95
39 97
40 42
40 43
40 44
40 45
40 48
40 50
40 51
40 52
40 53
40 55
40 56
40 60
40 62
40 63
40 64
40 66
40 69
40 73
40 74
40 77
40 78
40 79
40 81
40 82
40 83
40 87
40 88
40 89
40 91
40 95
40 97
40 99
41 42
41 50
41 52
41 53
41 54
41 56
41 59
41 60
41 61
41 63
41 64
41 65
41 66
41 67
41 68
41 69
41 71
41 73
41 74
41 78
41 80
41 81
41 82
41 83
41 84
41 87
41 89
41 90
41 91
41 92
41 93
41 95
41 99
42 45
42 46
42 50
42 51
42 52
42 53
42 60
42 61
42 63
42 64
42 66
42 67
42 68
42 69
42 71
42 72
42 75
42 78
42 79
42 80
42 81
42 82
42 84
42 85
42 86
42 87
42 89
42 90
42 93
42 94
42 96
42 98
43 47
43 50
43 51
43 52
43 53
43 56
43 57
43 58
43 60
43 62
43 65
43 67
43 68
43 71
43 72
43 73
43 76
43 77
43 78
43 79
43 80
43 82
43 83
43 85
43 86
43 87
43 89
43 92
43 93
43 94
43 95
43 96
43 98
44 51
44 52
44 53
44 54
44 55
44 56
44 58
44 59
44 60
44 61
44 62
44 64
44 65
44 66
44 67
44 68
44 70
44 71
44 72
44 73
44 74
44 75
44 77
44 81
44 82
44 83
44 84
44 85
44 86
44 87
44 88
44 89
44 90
44 91
44 92
44 98
44 99
45 50
45 51
45 54
45 58
45 61
45 64
45 65
45 67
45 68
45 69
45 73
45 74
45 76
45 77
45 78
45 83
45 86
45 87
45 88
45 89
45 90
45 92
45 95
45 96
45 97
46 50
46 51
46 52
46 53
46 56
46 59
46 61
46 62
46 64
46 66
46 67
46 70
46 71
46 72
46 73
46 76
46 78
46 83
46 85
46 89
46 90
46 91
46 93
46 94
46 97
46 99
47 50
47 51
47 52
47 54
47 56
47 58
47 61
47 64
47 66
47 67
47 69
47 70
47 72
47 73
47 75
47 76
47 80
47 81
47 82
47 83
47 85
47 86
47 88
47 89
47 91
47 92
47 93
47 94
47 95
47 96
47 98
47 99
48 50
48 53
48 56
48 57
48 59
48 60
48 61
48 62
48 67
48 71
48 73
48 74
48 75
48 76
48 79
48 81
48 84
48 85
48 87
48 88
48 89
48 91
48 94
48 96
48 98
48 99
49 49
49 50
49 51
49 52
49 54
49 55
49 57
49 58
49 59
49 60
49 61
49 62
49 63
49 67
49 72
49 74
49 75
49 76
49 77
49 78
49 79
49 80
49 81
49 82
49 83
49 84
49 85
49 87
49 88
49 89
49 90
49 93
49 94
49 95
49 97
49 98
49 99
50 55
50 58
50 62
50 67
50 71
50 81
50 84
50 91
51 58
51 65
51 71
51 72
51 77
51 78
51 83
51 96
51 97
52 53
52 57
52 65
52 79
52 80
52 95
52 98
52 99
53 60
53 65
53 81
53 85
53 98
54 55
54 64
54 79
54 88
55 56
55 60
55 68
55 73
55 81
55 84
55 94
55 99
56 58
56 70
56 71
56 73
56 74
56 75
56 90
57 59
57 81
57 84
57 90
57 97
58 60
58 61
58 64
58 69
58 70
58 79
58 88
59 64
59 67
59 73
59 86
59 87
59 91
59 97
60 60
60 64
60 71
60 82
60 87
60 90
60 93
60 97
60 98
60 99
61 63
61 85
61 98
61 99
62 63
62 67
62 68
62 69
62 72
62 76
62 78
62 84
62 88
62 89
62 90
62 98
63 74
63 77
63 81
63 86
63 91
63 93
63 97
64 66
64 70
64 71
64 75
64 80
64 81
64 84
64 88
64 90
64 91
64 92
64 94
65 70
65 75
65 76
65 80
66 71
66 79
66 83
66 84
66 94
66 99
67 68
67 70
67 71
67 72
67 86
68 85
68 87
68 88
68 89
68 91
69 69
69 78
69 82
69 86
69 88
69 89
69 90
69 92
69 94
70 73
70 75
70 85
70 90
71 71
71 76
71 83
71 89
72 77
72 88
72 91
72 95
73 89
73 90
73 93
73 95
73 99
74 89
74 94
74 99
75 78
75 88
75 95
75 96
76 76
76 84
76 89
76 91
76 92
76 93
77 80
77 81
77 83
77 86
77 93
77 94
77 99
78 84
78 86
78 87
78 88
78 97
79 79
79 87
80 92
80 94
81 81
81 83
81 89
82 84
82 90
82 92
82 99
83 92
83 99
84 88
84 89
84 92
84 95
84 99
86 89
89 89
89 96
89 97
91 97
94 94
97 98
