100
1500
0
99
0 20
0 29
0 31
0 34
0 36
0 38
0 46
0 51
0 53
0 54
0 60
0 63
0 65
0 67
0 68
0 71
0 73
0 75
0 77
0 78
0 79
0 80
0 81
0 82
0 90
0 91
0 97
0 99
1 13
1 35
1 36
1 46
1 47
1 49
1 50
1 53
1 56
1 57
1 58
1 59
1 61
1 62
1 63
1 64
1 65
1 67
1 68
1 71
1 73
1 75
1 77
1 82
1 83
1 84
1 86
1 89
1 91
1 92
1 94
1 95
2 3
2 15
2 20
2 24
2 44
2 50
2 53
2 55
2 56
2 58
2 60
2 61
2 63
2 64
2 67
2 71
2 72
2 78
2 81
2 83
2 86
2 90
2 91
2 93
2 94
2 95
2 96
2 99
3 12
3 15
3 19
3 23
3 36
3 37
3 38
3 40
3 50
3 54
3 58
3 64
3 65
3 66
3 69
3 70
3 71
3 74
3 76
3 78
3 80
3 81
3 84
3 85
3 90
3 91
3 92
3 93
3 96
3 97
3 98
3 99
4 5
4 7
4 9
4 17
4 23
4 51
4 53
4 54
4 56
4 57
4 59
4 62
4 63
4 64
4 65
4 66
4 67
4 71
4 75
4 84
4 85
4 87
4 94
4 95
4 96
4 97
4 98
5 19
5 43
5 44
5 45
5 46
5 51
5 52
5 53
5 54
5 58
5 61
5 62
5 64
5 65
5 66
5 67
5 68
5 70
5 74
5 76
5 77
5 78
5 79
5 80
5 81
5 83
5 84
5 86
5 87
5 92
5 94
5 95
5 96
5 97
5 98
5 99
6 15
6 20
6 22
6 34
6 37
6 51
6 53
6 54
6 55
6 56
6 57
6 61
6 63
6 68
6 70
6 71
6 72
6 74
6 75
6 76
6 77
6 78
6 81
6 82
6 85
6 87
6 89
6 91
6 94
6 95
6 98
6 99
7 14
7 18
7 29
7 49
7 50
7 55
7 62
7 67
7 68
7 69
7 71
7 79
7 82
7 83
7 84
7 85
7 86
7 88
7 90
7 91
7 92
7 98
7 99
8 13
8 50
8 51
8 52
8 53
8 55
8 56
8 57
8 60
8 62
8 65
8 66
8 67
8 68
8 72
8 75
8 76
8 78
8 81
8 88
8 89
8 90
8 91
8 92
8 96
8 97
8 99
9 14
9 18
9 30
9 34
9 50
9 51
9 54
9 55
9 56
9 62
9 64
9 68
9 69
9 70
9 73
9 77
9 79
9 80
9 81
9 82
9 88
9 91
9 93
9 96
9 97
9 99
10 12
10 13
10 14
10 18
10 21
10 26
10 33
10 43
10 47
10 51
10 52
10 53
10 54
10 56
10 58
10 59
10 61
10 64
10 66
10 68
10 74
10 75
10 78
10 79
10 80
10 82
10 83
10 87
10 89
10 90
10 93
10 95
11 18
11 33
11 38
11 52
11 56
11 57
11 61
11 63
11 65
11 66
11 67
11 68
11 74
11 76
11 77
11 78
11 80
11 81
11 82
11 83
11 84
11 86
11 87
11 88
11 92
11 93
11 95
11 97
11 99
12 42
12 48
12 49
12 50
12 54
12 55
12 57
12 58
12 60
12 63
12 64
12 65
12 67
12 68
12 70
12 76
12 78
12 81
12 83
12 86
12 87
12 89
12 91
12 92
12 93
12 96
12 98
12 99
13 16
13 18
13 19
13 34
13 40
13 42
13 55
13 56
13 57
13 59
13 60
13 62
13 63
13 65
13 66
13 67
13 68
13 70
13 71
13 73
13 74
13 75
13 76
13 79
13 80
13 81
13 82
13 83
13 86
13 87
13 89
13 90
13 91
13 93
13 97
14 23
14 41
14 44
14 46
14 52
14 56
14 57
14 59
14 63
14 65
14 66
14 69
14 70
14 75
14 76
14 78
14 79
14 80
14 81
14 83
14 86
14 89
14 94
14 96
15 31
15 52
15 55
15 56
15 57
15 63
15 65
15 67
15 68
15 69
15 71
15 72
15 76
15 77
15 79
15 82
15 83
15 85
15 87
15 91
15 92
15 93
15 95
15 99
16 22
16 24
16 28
16 31
16 34
16 46
16 51
16 56
16 57
16 58
16 61
16 63
16 65
16 68
16 70
16 71
16 72
16 74
16 75
16 76
16 80
16 81
16 82
16 85
16 86
16 87
16 90
16 93
16 94
16 95
16 98
16 99
17 18
17 34
17 40
17 43
17 48
17 51
17 52
17 53
17 56
17 57
17 58
17 61
17 64
17 67
17 69
17 72
17 74
17 76
17 79
17 80
17 83
17 86
17 87
17 88
17 89
17 96
17 97
17 98
17 99
18 20
18 27
18 28
18 51
18 52
18 58
18 65
18 66
18 67
18 68
18 71
18 72
18 74
18 80
18 82
18 83
18 84
18 85
18 87
18 88
18 93
18 94
18 98
19 21
19 32
19 37
19 51
19 54
19 57
19 62
19 63
19 65
19 67
19 70
19 71
19 76
19 79
19 80
19 81
19 82
19 83
19 84
19 87
19 93
19 94
19 96
20 20
20 28
20 30
20 34
20 36
20 38
20 40
20 50
20 57
20 58
20 60
20 62
20 66
20 71
20 72
20 74
20 75
20 78
20 80
20 81
20 82
20 83
20 84
20 85
20 86
20 90
20 93
20 94
20 95
21 22
21 29
21 34
21 42
21 52
21 53
21 54
21 55
21 56
21 57
21 60
21 63
21 64
21 66
21 69
21 70
21 73
21 74
21 76
21 77
21 79
21 85
21 86
21 90
21 92
21 93
21 94
21 95
21 97
21 98
22 27
22 52
22 53
22 54
22 55
22 56
22 57
22 58
22 60
22 64
22 65
22 66
22 73
22 75
22 79
22 81
22 86
22 88
22 89
22 92
22 93
22 96
23 30
23 34
23 35
23 52
23 53
23 55
23 57
23 59
23 63
23 64
23 73
23 76
23 82
23 84
23 85
23 86
23 89
23 92
23 95
23 96
24 41
24 54
24 55
24 56
24 57
24 58
24 61
24 63
24 65
24 66
24 67
24 69
24 70
24 72
24 73
24 75
24 76
24 77
24 85
24 90
24 94
24 95
24 96
24 98
24 99
25 26
25 31
25 39
25 44
25 46
25 52
25 53
25 55
25 60
25 62
25 66
25 67
25 68
25 69
25 70
25 71
25 72
25 74
25 75
25 77
25 78
25 79
25 80
25 81
25 83
25 86
25 87
25 88
25 89
25 91
25 95
25 98
25 99
26 29
26 30
26 33
26 35
26 41
26 51
26 53
26 54
26 55
26 58
26 61
26 63
26 66
26 71
26 73
26 75
26 79
26 80
26 89
26 91
26 95
26 99
27 28
27 33
27 51
27 59
27 60
27 61
27 64
27 66
27 67
27 69
27 70
27 71
27 72
27 73
27 77
27 78
27 80
27 82
27 86
27 94
28 44
28 50
28 51
28 54
28 56
28 58
28 60
28 62
28 65
28 66
28 67
28 68
28 69
28 70
28 71
28 75
28 76
28 79
28 84
28 85
28 87
28 90
28 91
28 92
28 98
28 99
29 41
29 43
29 49
29 50
29 52
29 57
29 58
29 59
29 62
29 65
29 66
29 67
29 68
29 72
29 73
29 75
29 78
29 82
29 83
29 85
29 87
29 90
29 92
29 93
29 95
29 96
29 98
30 37
30 39
30 45
30 52
30 53
30 56
30 57
30 58
30 60
30 61
30 66
30 67
30 72
30 73
30 75
30 76
30 77
30 78
30 80
30 81
30 82
30 83
30 89
30 91
30 93
30 94
30 95
30 97
30 99
31 34
31 43
31 50
31 51
31 58
31 60
31 62
31 64
31 66
31 67
31 70
31 71
31 72
31 74
31 75
31 76
31 78
31 79
31 83
31 85
31 86
31 87
31 88
31 92
31 93
31 94
31 95
31 97
31 98
32 36
32 38
32 50
32 54
32 62
32 63
32 68
32 69
32 74
32 75
32 76
32 77
32 79
32 81
32 83
32 86
32 88
32 91
32 92
32 93
32 94
32 96
32 98
33 42
33 48
33 49
33 51
33 52
33 53
33 57
33 58
33 61
33 63
33 65
33 66
33 68
33 69
33 71
33 74
33 75
33 77
33 79
33 81
33 83
33 88
33 92
33 93
33 96
33 97
33 99
34 43
34 44
34 50
34 52
34 53
34 55
34 56
34 61
34 63
34 64
34 67
34 68
34 69
34 75
34 79
34 80
34 83
34 87
34 91
34 97
34 99
35 36
35 39
35 46
35 51
35 53
35 54
35 55
35 56
35 57
35 58
35 60
35 65
35 67
35 68
35 69
35 71
35 73
35 75
35 78
35 79
35 80
35 83
35 84
35 85
35 88
35 89
35 90
35 91
35 92
35 94
35 98
36 36
36 37
36 44
36 51
36 57
36 59
36 60
36 61
36 63
36 64
36 65
36 66
36 67
36 70
36 73
36 75
36 78
36 79
36 80
36 81
36 82
36 83
36 84
36 87
36 88
36 89
36 91
36 92
36 93
36 94
36 95
36 97
37 47
37 51
37 52
37 53
37 58
37 59
37 61
37 62
37 64
37 67
37 73
37 75
37 77
37 80
37 81
37 83
37 84
37 87
37 90
37 95
37 97
38 40
38 49
38 50
38 52
38 53
38 55
38 56
38 58
38 59
38 61
38 62
38 64
38 65
38 66
38 70
38 77
38 78
38 79
38 80
38 81
38 84
38 89
38 91
38 95
38 96
38 97
38 99
39 39
39 45
39 47
39 51
39 52
39 53
39 54
39 56
39 58
39 59
39 61
39 63
39 65
39 66
39 68
39 70
39 71
39 74
39 77
39 78
39 81
39 83
39 86
39 87
39 88
39 91
39 95
39 97
39 98
40 40
40 43
40 50
40 52
40 53
40 54
40 55
40 57
40 59
40 60
40 62
40 63
40 67
40 69
40 70
40 72
40 77
40 83
40 85
40 87
40 90
40 91
40 97
40 98
41 42
41 56
41 57
41 62
41 63
41 65
41 68
41 70
41 72
41 73
41 74
41 75
41 76
41 77
41 79
41 80
41 83
41 84
41 85
41 88
41 93
41 94
41 97
41 98
42 43
42 46
42 47
42 52
42 54
42 55
42 59
42 61
42 62
42 64
42 65
42 67
42 71
42 72
42 74
42 78
42 80
42 83
42 90
42 91
42 94
42 95
42 97
42 99
43 51
43 52
43 55
43 57
43 59
43 63
43 64
43 66
43 67
43 69
43 74
43 75
43 77
43 78
43 80
43 83
43 84
43 85
43 89
43 90
43 93
43 96
43 97
43 98
44 52
44 54
44 55
44 57
44 58
44 59
44 62
44 63
44 64
44 65
44 67
44 69
44 70
44 72
44 74
44 75
44 77
44 78
44 79
44 81
44 82
44 85
44 87
44 89
44 90
44 91
44 92
44 93
44 96
44 97
44 99
45 46
45 50
45 51
45 52
45 53
45 57
45 58
45 61
45 63
45 64
45 68
45 70
45 74
45 75
45 76
45 77
45 81
45 82
45 83
45 84
45 85
45 94
45 96
45 98
45 99
46 52
46 53
46 54
46 55
46 56
46 58
46 61
46 63
46 65
46 68
46 70
46 72
46 74
46 75
46 76
46 77
46 78
46 79
46 80
46 81
46 82
46 83
46 84
46 85
46 94
46 98
46 99
47 48
47 50
47 51
47 53
47 56
47 61
47 63
47 66
47 68
47 69
47 70
47 73
47 74
47 77
47 79
47 80
47 81
47 82
47 84
47 87
47 88
47 89
47 90
47 91
47 92
47 93
47 95
47 96
47 99
48 51
48 53
48 55
48 56
48 58
48 64
48 65
48 66
48 68
48 71
48 72
48 73
48 74
48 76
48 84
48 85
48 86
48 92
48 94
48 97
48 98
48 99
49 53
49 54
49 57
49 58
49 60
49 62
49 63
49 65
49 69
49 70
49 73
49 74
49 75
49 78
49 80
49 86
49 87
49 88
49 89
49 90
49 94
49 99
50 69
51 52
51 73
51 74
51 81
52 62
52 68
52 89
53 91
54 58
54 60
54 76
54 77
54 79
54 90
54 94
55 58
55 69
55 70
55 72
55 81
55 89
56 57
56 65
56 68
56 78
56 81
56 82
56 93
56 99
57 85
57 93
57 99
58 68
58 74
58 89
58 92
58 94
59 71
59 72
59 77
59 83
59 86
59 88
59 95
59 96
60 66
60 69
60 73
60 89
60 96
60 98
61 63
61 65
61 66
61 81
61 87
61 91
61 93
61 98
62 64
62 90
62 95
62 99
63 63
63 64
63 66
64 90
64 98
65 84
65 88
65 90
65 91
65 92
66 72
66 74
66 84
67 80
67 87
67 99
68 86
68 97
69 75
69 96
69 98
69 99
70 78
70 79
70 81
70 82
70 83
70 85
70 93
70 97
71 87
71 92
71 93
71 97
72 80
72 84
72 86
73 77
73 78
73 79
73 82
73 85
73 96
74 75
74 81
74 87
74 88
74 92
75 87
75 90
75 99
76 85
76 89
76 90
76 96
76 98
77 81
77 94
78 87
79 80
79 83
80 82
80 93
81 82
81 85
81 88
82 85
82 91
82 92
82 93
83 95
83 99
84 86
85 86
85 89
85 95
86 91
86 93
86 94
87 97
88 91
88 92
89 91
90 90
91 99
93 93
93 96
95 95
95 98
96 98
97 97
