100
1700
0
99
0 10
0 12
0 16
0 26
0 30
0 31
0 35
0 47
0 50
0 52
0 53
0 55
0 56
0 58
0 60
0 61
0 62
0 63
0 67
0 68
0 73
0 74
0 75
0 77
0 78
0 80
0 82
0 84
0 87
0 89
0 90
0 92
0 93
0 97
0 98
1 7
1 10
1 15
1 19
1 30
1 40
1 41
1 49
1 52
1 53
1 54
1 55
1 56
1 57
1 58
1 59
1 61
1 62
1 63
1 64
1 65
1 69
1 72
1 73
1 74
1 76
1 83
1 84
1 87
1 88
1 89
1 90
1 94
1 95
1 97
1 98
2 3
2 8
2 19
2 24
2 27
2 28
2 31
2 41
2 50
2 51
2 52
2 53
2 57
2 58
2 60
2 61
2 62
2 63
2 67
2 69
2 71
2 74
2 76
2 80
2 81
2 84
2 85
2 87
2 88
2 89
2 92
2 93
2 95
2 97
2 98
2 99
3 4
3 11
3 23
3 32
3 44
3 52
3 54
3 56
3 59
3 60
3 61
3 62
3 64
3 67
3 68
3 69
3 71
3 72
3 73
3 76
3 81
3 82
3 84
3 85
3 87
3 93
3 94
3 95
3 99
4 4
4 7
4 11
4 13
4 15
4 17
4 18
4 20
4 33
4 34
4 36
4 40
4 42
4 50
4 51
4 54
4 59
4 61
4 62
4 63
4 65
4 66
4 70
4 73
4 74
4 75
4 76
4 78
4 79
4 81
4 84
4 85
4 86
4 87
4 93
4 94
4 97
4 98
4 99
5 17
5 20
5 29
5 40
5 47
5 48
5 50
5 52
5 54
5 55
5 59
5 60
5 61
5 63
5 64
5 65
5 67
5 68
5 69
5 70
5 74
5 75
5 77
5 79
5 80
5 81
5 84
5 85
5 86
5 88
5 89
5 90
5 91
5 93
5 94
5 95
5 97
5 98
5 99
6 15
6 40
6 51
6 52
6 53
6 54
6 55
6 56
6 59
6 60
6 62
6 63
6 65
6 66
6 67
6 69
6 70
6 71
6 72
6 73
6 76
6 77
6 78
6 79
6 80
6 81
6 86
6 93
6 96
6 99
7 8
7 13
7 15
7 16
7 32
7 33
7 41
7 49
7 51
7 52
7 53
7 56
7 58
7 59
7 60
7 62
7 63
7 64
7 68
7 69
7 70
7 72
7 73
7 74
7 75
7 78
7 82
7 83
7 84
7 87
7 90
7 91
7 95
7 97
8 12
8 16
8 22
8 23
8 29
8 41
8 50
8 53
8 54
8 57
8 58
8 60
8 61
8 62
8 67
8 70
8 76
8 78
8 79
8 80
8 81
8 83
8 84
8 88
8 90
8 92
8 97
9 11
9 13
9 24
9 25
9 31
9 36
9 39
9 54
9 55
9 56
9 57
9 58
9 63
9 67
9 68
9 69
9 70
9 74
9 75
9 77
9 78
9 80
9 81
9 82
9 83
9 84
9 88
9 91
9 92
9 93
9 95
9 96
9 98
9 99
10 17
10 51
10 52
10 53
10 55
10 56
10 57
10 59
10 60
10 61
10 64
10 65
10 67
10 72
10 73
10 74
10 78
10 82
10 83
10 85
10 87
10 89
10 90
10 91
10 92
10 94
10 96
10 97
10 98
11 12
11 15
11 24
11 25
11 38
11 40
11 44
11 50
11 51
11 52
11 56
11 57
11 60
11 62
11 65
11 66
11 67
11 68
11 69
11 71
11 72
11 73
11 74
11 76
11 78
11 83
11 84
11 86
11 87
11 88
11 91
11 93
11 94
11 99
12 21
12 24
12 25
12 27
12 29
12 33
12 34
12 35
12 44
12 45
12 47
12 51
12 55
12 56
12 57
12 58
12 61
12 63
12 64
12 65
12 66
12 67
12 70
12 72
12 74
12 75
12 78
12 80
12 81
12 82
12 83
12 84
12 88
12 89
12 90
12 93
12 94
12 96
12 97
13 44
13 47
13 50
13 51
13 53
13 55
13 56
13 57
13 58
13 59
13 61
13 64
13 65
13 67
13 69
13 72
13 74
13 76
13 80
13 81
13 82
13 83
13 84
13 85
13 86
13 87
13 88
13 89
13 90
13 93
13 95
13 99
14 22
14 28
14 41
14 45
14 47
14 50
14 51
14 55
14 56
14 57
14 58
14 59
14 62
14 64
14 65
14 67
14 69
14 70
14 72
14 73
14 74
14 77
14 79
14 80
14 82
14 83
14 85
14 86
14 88
14 89
14 90
14 91
14 92
14 93
14 95
14 97
14 98
14 99
15 15
15 42
15 57
15 58
15 60
15 61
15 62
15 63
15 64
15 65
15 66
15 71
15 75
15 76
15 77
15 78
15 81
15 83
15 86
15 90
15 91
15 92
15 93
15 98
16 28
16 29
16 35
16 51
16 52
16 53
16 57
16 58
16 61
16 63
16 65
16 66
16 67
16 68
16 69
16 70
16 71
16 72
16 75
16 76
16 79
16 80
16 83
16 84
16 87
16 89
16 90
16 92
16 94
16 95
16 96
16 97
16 99
17 20
17 35
17 43
17 51
17 53
17 54
17 55
17 57
17 58
17 62
17 63
17 65
17 67
17 69
17 71
17 72
17 73
17 74
17 75
17 77
17 81
17 85
17 86
17 88
17 90
17 93
17 95
17 96
17 97
17 98
18 36
18 39
18 50
18 52
18 54
18 55
18 56
18 60
18 64
18 66
18 67
18 70
18 72
18 74
18 75
18 77
18 79
18 82
18 83
18 85
18 86
18 87
18 88
18 91
18 94
18 96
18 97
18 98
18 99
19 20
19 24
19 25
19 33
19 45
19 46
19 50
19 51
19 52
19 54
19 55
19 57
19 58
19 60
19 64
19 65
19 66
19 69
19 70
19 71
19 73
19 74
19 75
19 76
19 77
19 79
19 81
19 82
19 85
19 87
19 88
19 89
19 90
19 91
19 94
19 95
19 98
19 99
20 29
20 34
20 38
20 42
20 45
20 49
20 53
20 54
20 56
20 60
20 61
20 62
20 63
20 66
20 67
20 69
20 70
20 71
20 73
20 74
20 76
20 80
20 81
20 85
20 89
20 95
20 96
20 99
21 27
21 43
21 50
21 51
21 53
21 55
21 58
21 60
21 62
21 64
21 66
21 70
21 71
21 78
21 80
21 84
21 85
21 86
21 89
21 90
21 92
21 94
21 95
21 96
21 97
21 99
22 52
22 55
22 56
22 58
22 60
22 61
22 62
22 63
22 65
22 66
22 69
22 71
22 73
22 74
22 77
22 83
22 85
22 87
22 89
22 92
22 94
22 96
22 97
22 98
23 29
23 35
23 42
23 48
23 50
23 51
23 52
23 53
23 54
23 55
23 57
23 59
23 60
23 62
23 63
23 65
23 67
23 70
23 71
23 72
23 74
23 76
23 77
23 78
23 79
23 80
23 82
23 83
23 84
23 85
23 88
23 90
23 92
23 95
23 96
23 97
23 98
24 29
24 50
24 53
24 54
24 55
24 57
24 63
24 64
24 65
24 66
24 67
24 68
24 70
24 73
24 74
24 76
24 77
24 78
24 79
24 80
24 82
24 83
24 85
24 87
24 88
24 89
24 90
24 92
24 93
24 96
24 97
24 99
25 28
25 33
25 36
25 47
25 51
25 52
25 54
25 55
25 56
25 57
25 59
25 62
25 64
25 66
25 67
25 68
25 70
25 71
25 74
25 77
25 81
25 82
25 83
25 85
25 87
25 91
25 93
25 94
25 95
25 97
26 30
26 34
26 35
26 36
26 40
26 46
26 51
26 55
26 56
26 60
26 62
26 63
26 68
26 71
26 73
26 74
26 76
26 77
26 78
26 79
26 80
26 82
26 83
26 84
26 85
26 86
26 90
26 91
26 93
26 95
26 97
26 98
27 31
27 50
27 51
27 52
27 54
27 63
27 64
27 65
27 66
27 68
27 69
27 71
27 72
27 74
27 78
27 83
27 85
27 86
27 88
27 89
27 90
27 91
27 92
27 93
27 98
27 99
28 36
28 38
28 44
28 50
28 54
28 55
28 56
28 57
28 58
28 61
28 64
28 66
28 67
28 68
28 70
28 72
28 73
28 76
28 79
28 80
28 83
28 84
28 85
28 86
28 88
28 89
28 90
28 92
28 94
28 95
28 96
28 98
29 29
29 33
29 38
29 44
29 50
29 52
29 53
29 54
29 55
29 56
29 61
29 65
29 68
29 69
29 71
29 74
29 75
29 76
29 77
29 78
29 83
29 85
29 90
29 92
29 94
29 95
30 33
30 40
30 42
30 46
30 53
30 55
30 57
30 58
30 59
30 61
30 63
30 65
30 66
30 67
30 68
30 69
30 70
30 75
30 79
30 81
30 82
30 84
30 85
30 86
30 87
30 91
30 94
30 98
31 40
31 43
31 50
31 52
31 53
31 55
31 56
31 57
31 59
31 61
31 62
31 66
31 68
31 69
31 70
31 72
31 73
31 77
31 78
31 79
31 81
31 83
31 89
31 90
31 92
31 94
31 96
31 97
31 98
31 99
32 32
32 47
32 50
32 51
32 53
32 60
32 63
32 64
32 66
32 67
32 69
32 73
32 75
32 77
32 78
32 79
32 80
32 81
32 82
32 83
32 84
32 85
32 86
32 87
32 88
32 89
32 95
32 96
32 97
32 98
32 99
33 41
33 48
33 50
33 51
33 52
33 53
33 54
33 61
33 62
33 65
33 66
33 71
33 75
33 76
33 78
33 79
33 83
33 84
33 85
33 88
33 89
33 90
33 92
33 93
33 94
33 99
34 50
34 51
34 52
34 53
34 54
34 55
34 58
34 61
34 62
34 67
34 68
34 69
34 70
34 71
34 72
34 78
34 79
34 80
34 82
34 87
34 88
34 90
34 92
34 93
34 98
34 99
35 35
35 37
35 38
35 40
35 48
35 49
35 52
35 53
35 55
35 57
35 59
35 60
35 61
35 63
35 64
35 65
35 66
35 67
35 68
35 69
35 70
35 76
35 77
35 78
35 79
35 80
35 81
35 82
35 85
35 86
35 89
35 92
35 93
35 95
35 97
35 98
36 37
36 39
36 50
36 51
36 54
36 55
36 56
36 57
36 61
36 62
36 63
36 64
36 67
36 68
36 71
36 73
36 75
36 81
36 85
36 86
36 88
36 89
36 91
36 92
36 93
36 94
36 95
36 98
36 99
37 38
37 42
37 45
37 48
37 52
37 55
37 56
37 58
37 64
37 65
37 67
37 68
37 69
37 72
37 74
37 77
37 78
37 80
37 81
37 84
37 85
37 87
37 92
37 94
37 96
37 97
37 98
37 99
38 38
38 44
38 51
38 53
38 56
38 57
38 61
38 62
38 64
38 65
38 66
38 68
38 69
38 71
38 73
38 75
38 76
38 77
38 79
38 85
38 87
38 88
38 89
38 92
38 93
38 94
38 96
38 99
39 43
39 50
39 51
39 54
39 55
39 56
39 60
39 61
39 62
39 64
39 66
39 69
39 73
39 74
39 76
39 78
39 82
39 83
39 84
39 87
39 89
39 91
39 92
39 96
39 97
40 42
40 50
40 51
40 52
40 53
40 56
40 57
40 59
40 60
40 61
40 63
40 64
40 65
40 66
40 68
40 70
40 71
40 72
40 73
40 76
40 77
40 78
40 79
40 82
40 83
40 85
40 86
40 88
40 90
40 93
40 95
40 97
41 43
41 44
41 52
41 53
41 55
41 56
41 57
41 58
41 59
41 62
41 66
41 67
41 69
41 71
41 73
41 74
41 75
41 76
41 80
41 82
41 84
41 85
41 87
41 89
41 90
41 94
41 97
42 46
42 52
42 53
42 54
42 56
42 57
42 61
42 62
42 64
42 65
42 66
42 67
42 69
42 74
42 75
42 77
42 81
42 82
42 83
42 85
42 86
42 88
42 89
42 90
42 91
42 92
42 94
42 99
43 51
43 55
43 56
43 59
43 61
43 62
43 63
43 64
43 66
43 67
43 68
43 69
43 70
43 71
43 72
43 74
43 75
43 76
43 78
43 80
43 81
43 82
43 87
43 88
43 89
43 92
43 95
43 99
44 44
44 50
44 51
44 55
44 56
44 61
44 63
44 64
44 67
44 69
44 70
44 73
44 74
44 81
44 87
44 88
44 89
44 90
44 92
44 94
44 95
44 96
44 98
45 50
45 52
45 53
45 54
45 59
45 63
45 65
45 66
45 68
45 69
45 70
45 71
45 72
45 76
45 78
45 79
45 81
45 84
45 85
45 86
45 87
45 88
45 90
45 91
45 93
45 95
45 96
45 97
45 98
45 99
46 47
46 48
46 50
46 51
46 52
46 53
46 54
46 56
46 57
46 58
46 60
46 61
46 62
46 64
46 67
46 69
46 76
46 77
46 78
46 79
46 84
46 85
46 86
46 88
46 89
46 94
46 96
46 98
47 50
47 52
47 53
47 54
47 55
47 56
47 59
47 62
47 65
47 66
47 67
47 69
47 74
47 75
47 76
47 84
47 85
47 86
47 89
47 93
47 94
47 96
47 97
47 98
48 51
48 52
48 54
48 57
48 58
48 60
48 62
48 64
48 70
48 72
48 73
48 74
48 75
48 76
48 77
48 78
48 82
48 85
48 87
48 90
48 92
48 95
48 98
48 99
49 50
49 51
49 52
49 55
49 57
49 59
49 60
49 61
49 63
49 68
49 74
49 75
49 76
49 78
49 79
49 84
49 85
49 86
49 87
49 88
49 91
49 92
49 99
50 50
50 57
50 63
50 64
50 71
50 85
50 86
50 90
50 91
51 61
51 69
51 73
51 79
51 80
51 84
51 86
51 87
51 95
51 98
52 59
52 71
52 72
52 73
52 74
52 75
52 76
52 78
52 79
52 82
52 85
52 87
53 53
53 59
53 60
53 64
53 76
54 58
54 62
54 71
54 75
54 87
54 90
54 95
54 99
55 59
55 60
55 65
55 67
55 70
55 83
55 98
56 57
56 62
56 73
56 76
56 87
56 95
56 98
57 57
57 67
57 68
57 79
57 81
57 84
57 92
57 98
58 85
58 94
59 67
59 74
60 61
60 74
60 78
60 81
60 87
60 88
60 91
60 96
60 97
61 66
61 77
61 97
61 99
62 85
62 99
63 66
63 77
63 81
63 86
63 90
63 99
64 68
64 71
64 83
64 88
64 92
65 66
65 75
65 79
65 99
66 89
66 96
67 71
67 76
67 79
67 82
67 85
67 87
67 92
68 82
68 86
68 98
69 88
69 94
69 98
70 75
70 80
70 84
70 85
71 71
71 72
71 73
71 74
71 85
71 89
71 90
71 91
72 75
72 78
72 80
72 82
72 96
73 79
73 83
73 90
73 91
73 93
74 74
74 75
74 76
74 83
74 85
74 98
74 99
75 76
75 78
75 83
75 84
77 95
77 96
78 83
78 87
78 88
78 95
78 98
79 84
79 94
80 84
80 88
80 90
81 99
82 92
83 83
83 96
84 91
84 93
84 98
85 96
85 99
86 88
86 89
86 91
86 92
86 93
86 97
87 90
88 90
88 96
89 93
89 95
90 94
90 98
91 91
91 97
91 99
92 98
92 99
99 99
