100
340
0
99
0 6
0 19
0 25
0 28
0 35
0 56
0 73
0 88
1 5
1 12
1 21
1 28
1 44
1 59
1 69
1 72
1 92
2 5
2 22
2 27
2 42
2 65
2 80
3 6
3 7
3 32
3 53
3 55
3 63
3 90
3 93
4 27
4 83
4 84
4 91
4 94
5 69
5 84
6 11
6 29
6 98
7 15
7 43
7 45
7 61
7 65
7 71
7 75
8 38
8 45
8 52
9 36
9 53
9 59
9 88
10 23
10 26
10 37
10 48
10 74
11 14
11 29
11 43
11 63
11 69
11 77
12 18
12 20
12 26
12 41
12 44
12 52
12 62
12 94
13 16
13 52
13 64
13 66
13 69
13 83
13 99
14 15
14 45
14 78
15 81
15 82
15 88
16 19
16 24
16 32
16 33
16 58
16 62
16 71
17 27
17 43
18 19
18 21
18 23
18 26
18 57
18 58
19 51
19 81
19 83
19 89
19 99
20 56
21 42
21 43
21 46
21 79
21 93
22 25
22 32
22 41
22 43
22 72
23 47
23 60
23 65
23 90
24 24
24 58
24 69
24 73
24 85
25 35
25 39
25 41
25 49
25 84
26 26
26 29
26 32
26 37
26 45
26 63
26 73
26 77
26 92
26 94
27 46
27 58
27 62
27 89
27 91
28 41
28 52
28 75
28 76
28 99
29 36
29 57
29 83
29 96
30 49
30 69
30 88
31 57
31 61
31 81
31 89
32 41
32 48
32 50
32 60
32 65
32 82
32 86
33 38
33 48
33 51
33 68
33 71
33 73
33 83
33 84
33 92
33 95
34 35
34 43
34 49
34 79
35 41
35 53
35 62
35 63
35 72
35 75
35 85
35 92
36 47
36 70
36 82
37 40
37 87
38 44
38 47
38 72
38 73
38 86
38 95
39 39
39 74
39 90
40 41
40 44
40 53
40 57
40 63
40 91
40 97
41 52
41 57
41 86
41 88
42 42
42 54
42 55
42 60
43 51
43 52
43 70
43 74
43 88
43 98
44 54
44 71
44 84
44 87
44 88
44 99
45 67
45 97
46 54
46 57
46 99
47 51
47 77
47 81
48 77
48 93
48 94
49 63
49 73
49 74
49 90
49 91
49 95
50 93
50 97
51 61
51 84
51 86
52 64
52 77
52 78
52 97
53 63
53 89
53 92
54 66
54 70
55 72
55 98
56 56
56 58
56 72
56 87
57 58
57 60
57 83
57 90
57 98
57 99
58 58
58 68
58 73
58 87
58 88
58 91
58 96
59 59
59 64
59 83
59 88
59 97
59 98
60 63
60 67
60 70
61 61
61 75
61 76
63 76
65 69
65 76
65 81
65 93
66 70
66 74
66 78
66 85
66 86
66 95
67 67
67 98
68 76
68 86
68 87
68 91
68 96
69 86
69 96
69 97
70 76
70 82
70 86
70 91
72 76
73 79
75 80
76 76
76 97
77 94
78 82
78 88
79 90
81 82
82 86
83 83
86 93
86 96
87 93
87 96
89 98
92 93
92 96
94 98
