100
1200
0
99
0 1
0 6
0 14
0 18
0 21
0 26
0 29
0 36
0 38
0 40
0 42
0 45
0 49
0 54
0 62
0 64
0 65
0 68
0 71
0 87
0 88
0 90
1 2
1 3
1 6
1 7
1 8
1 9
1 10
1 11
1 13
1 16
1 22
1 27
1 31
1 34
1 35
1 36
1 48
1 55
1 59
1 67
1 71
1 73
1 74
1 79
1 80
1 81
1 82
1 92
1 95
1 96
2 3
2 4
2 5
2 11
2 18
2 19
2 25
2 27
2 35
2 40
2 43
2 50
2 53
2 59
2 61
2 62
2 63
2 64
2 74
2 75
2 80
2 92
2 94
2 95
3 4
3 5
3 11
3 16
3 17
3 21
3 22
3 30
3 35
3 39
3 40
3 42
3 57
3 60
3 62
3 63
3 64
3 78
3 84
3 87
3 88
3 95
3 96
4 10
4 15
4 28
4 30
4 31
4 33
4 55
4 56
4 63
4 66
4 70
4 76
4 82
4 86
4 93
5 9
5 14
5 17
5 25
5 28
5 36
5 38
5 39
5 42
5 49
5 53
5 65
5 74
5 75
5 83
5 87
5 89
5 90
5 95
6 16
6 19
6 32
6 38
6 41
6 42
6 44
6 49
6 50
6 56
6 57
6 61
6 64
6 67
6 78
6 83
6 84
6 93
6 94
6 98
7 9
7 11
7 13
7 19
7 23
7 24
7 32
7 35
7 45
7 47
7 51
7 52
7 56
7 59
7 60
7 61
7 64
7 72
7 75
7 79
7 84
7 85
7 88
7 97
8 16
8 22
8 26
8 29
8 31
8 40
8 43
8 48
8 51
8 53
8 57
8 76
8 79
8 80
8 82
8 84
8 96
8 98
9 14
9 21
9 22
9 24
9 27
9 29
9 31
9 41
9 47
9 49
9 53
9 54
9 55
9 71
9 78
9 79
9 87
9 90
10 17
10 20
10 22
10 25
10 28
10 30
10 36
10 39
10 41
10 43
10 49
10 57
10 66
10 74
10 78
10 92
10 94
10 96
11 12
11 15
11 21
11 22
11 25
11 26
11 27
11 28
11 31
11 37
11 38
11 39
11 40
11 41
11 43
11 51
11 54
11 58
11 61
11 63
11 70
11 82
11 83
11 86
11 91
11 96
12 17
12 18
12 20
12 21
12 24
12 26
12 31
12 44
12 47
12 49
12 50
12 56
12 61
12 67
12 69
12 71
12 78
12 82
12 88
12 89
12 90
12 97
12 99
13 14
13 15
13 18
13 21
13 23
13 28
13 32
13 34
13 35
13 39
13 42
13 46
13 50
13 53
13 57
13 58
13 59
13 62
13 66
13 67
13 68
13 70
13 72
13 74
13 75
13 77
13 79
13 81
13 83
13 85
13 86
13 94
14 14
14 23
14 24
14 33
14 34
14 35
14 48
14 54
14 56
14 59
14 60
14 62
14 64
14 65
14 66
14 77
14 82
14 83
14 86
14 88
14 91
14 94
15 16
15 17
15 19
15 21
15 27
15 31
15 40
15 48
15 50
15 51
15 58
15 60
15 68
15 69
15 74
15 82
15 90
15 91
15 93
15 96
16 19
16 22
16 24
16 27
16 29
16 34
16 38
16 47
16 48
16 52
16 69
16 77
16 78
16 80
16 82
16 85
16 86
16 91
16 92
17 22
17 29
17 31
17 34
17 35
17 38
17 39
17 41
17 45
17 50
17 53
17 54
17 55
17 56
17 73
17 76
17 77
17 78
17 86
17 93
17 94
17 97
17 98
18 26
18 33
18 35
18 37
18 41
18 42
18 47
18 50
18 54
18 64
18 66
18 68
18 71
18 79
18 84
18 90
18 92
18 94
18 96
18 97
18 99
19 21
19 31
19 33
19 42
19 46
19 52
19 56
19 58
19 67
19 70
19 77
19 79
19 86
19 90
19 92
19 93
19 99
20 21
20 22
20 29
20 32
20 33
20 50
20 51
20 61
20 73
20 78
20 90
20 93
20 96
21 37
21 38
21 53
21 64
21 71
21 76
21 85
21 89
21 91
21 92
21 98
22 22
22 30
22 31
22 33
22 42
22 50
22 52
22 53
22 54
22 55
22 56
22 57
22 62
22 64
22 70
22 72
22 73
22 75
22 77
22 80
22 81
22 91
22 95
22 97
23 23
23 27
23 32
23 43
23 56
23 58
23 65
23 70
23 90
23 94
24 36
24 41
24 42
24 44
24 58
24 59
24 62
24 63
24 68
24 72
24 77
24 80
24 87
24 88
24 90
24 91
24 96
25 25
25 32
25 33
25 40
25 41
25 43
25 49
25 52
25 69
25 73
25 74
25 75
25 76
25 77
25 80
25 84
25 89
25 92
25 98
26 29
26 32
26 35
26 40
26 43
26 44
26 46
26 51
26 61
26 62
26 63
26 65
26 73
26 74
26 78
26 79
26 83
26 86
26 88
26 92
26 96
27 31
27 45
27 47
27 54
27 59
27 65
27 70
27 71
27 74
27 81
27 83
27 94
28 29
28 31
28 32
28 34
28 35
28 43
28 49
28 59
28 60
28 72
28 75
28 78
28 85
28 95
28 96
28 99
29 47
29 54
29 61
29 62
29 67
29 73
29 77
29 78
29 84
29 91
29 95
30 39
30 42
30 48
30 50
30 58
30 67
30 69
30 70
30 74
30 83
30 84
30 85
30 94
30 95
31 34
31 39
31 40
31 43
31 44
31 52
31 58
31 61
31 69
31 73
31 79
31 82
31 83
31 85
31 88
31 94
31 98
31 99
32 34
32 35
32 40
32 47
32 49
32 50
32 52
32 59
32 70
32 76
32 77
32 78
32 82
32 83
32 86
32 87
32 90
32 92
32 94
33 38
33 41
33 48
33 52
33 57
33 67
33 72
33 74
33 76
33 80
33 83
33 84
33 87
33 88
33 92
33 93
33 94
34 42
34 44
34 46
34 54
34 57
34 58
34 62
34 66
34 74
34 82
34 85
34 86
34 89
34 90
34 92
34 93
34 94
34 95
34 97
34 99
35 36
35 39
35 42
35 45
35 46
35 48
35 63
35 65
35 70
35 78
35 80
35 86
35 89
35 90
35 98
36 42
36 43
36 44
36 49
36 57
36 58
36 62
36 68
36 79
36 81
36 82
36 85
36 86
36 88
36 89
36 90
36 91
36 92
36 99
37 41
37 49
37 54
37 61
37 62
37 67
37 77
37 78
37 84
37 99
38 40
38 45
38 48
38 53
38 54
38 55
38 56
38 57
38 65
38 66
38 67
38 68
38 69
38 73
38 76
38 82
38 83
38 87
38 93
39 40
39 45
39 48
39 51
39 54
39 62
39 65
39 66
39 76
39 78
39 86
39 88
39 97
39 98
40 42
40 54
40 55
40 56
40 60
40 64
40 69
40 71
40 81
40 83
40 86
40 91
40 93
41 43
41 53
41 57
41 58
41 59
41 61
41 62
41 63
41 64
41 67
41 70
41 72
41 82
41 85
41 87
41 88
41 90
41 92
41 94
42 43
42 45
42 53
42 58
42 61
42 65
42 67
42 70
42 75
42 77
42 80
42 82
42 84
42 85
42 86
42 90
42 91
42 96
43 43
43 48
43 50
43 51
43 54
43 58
43 60
43 61
43 66
43 67
43 75
43 76
43 81
43 83
43 89
43 95
44 48
44 54
44 55
44 56
44 58
44 60
44 65
44 68
44 70
44 71
44 85
44 88
44 91
45 49
45 53
45 62
45 65
45 67
45 68
45 77
45 80
45 82
45 84
45 88
45 94
45 95
45 96
46 51
46 52
46 54
46 58
46 60
46 61
46 62
46 65
46 67
46 70
46 71
46 72
46 75
46 78
46 80
46 89
46 91
46 97
47 48
47 50
47 57
47 65
47 66
47 78
47 86
47 91
48 56
48 60
48 61
48 62
48 64
48 65
48 66
48 71
48 80
48 82
48 85
48 86
48 89
48 93
49 51
49 54
49 65
49 82
49 86
49 89
49 92
49 97
49 98
49 99
50 52
50 55
50 58
50 67
50 68
50 69
50 77
50 83
50 86
50 89
50 99
51 53
51 54
51 57
51 60
51 63
51 64
51 66
51 68
51 70
51 75
51 88
51 93
51 94
51 95
52 56
52 59
52 64
52 67
52 70
52 71
52 73
52 74
52 75
52 76
52 79
52 87
52 93
52 98
53 53
53 56
53 61
53 64
53 65
53 71
53 72
53 75
53 76
53 80
53 98
54 54
54 55
54 57
54 59
54 61
54 65
54 66
54 68
54 70
54 74
54 77
54 83
55 55
55 63
55 64
55 72
55 77
55 78
55 88
55 93
56 57
56 58
56 59
56 62
56 67
56 73
56 75
56 83
56 84
56 85
56 87
56 88
56 89
56 90
57 57
57 58
57 62
57 64
57 78
57 79
57 84
57 90
57 94
57 97
57 99
58 61
58 63
58 64
58 66
58 67
58 68
58 69
58 80
58 81
58 89
58 98
59 61
59 63
59 70
59 80
59 83
59 85
59 87
59 89
59 92
59 97
59 98
60 67
60 70
60 80
60 84
60 86
60 87
60 97
61 61
61 72
61 74
61 75
61 82
61 84
61 85
61 87
61 88
61 93
61 98
62 67
62 71
62 76
62 83
62 86
62 92
62 98
63 69
63 71
63 73
63 84
63 88
63 90
63 97
64 67
64 78
64 83
64 90
64 91
64 96
65 65
65 76
65 80
65 81
65 85
65 89
65 93
65 96
66 69
66 72
66 74
66 79
66 85
66 93
66 98
67 67
67 72
67 73
67 83
67 86
68 68
68 70
68 72
68 73
68 75
68 77
68 84
68 88
68 90
68 93
69 72
69 73
69 75
69 77
69 82
69 86
69 89
70 71
70 77
70 81
70 84
70 85
70 88
70 91
70 92
70 96
70 97
71 77
71 78
71 79
71 80
71 84
71 86
71 87
71 91
71 97
71 98
72 74
72 76
72 77
72 87
72 90
72 93
72 94
72 96
72 99
73 74
73 75
73 79
73 91
73 93
73 99
74 78
74 82
74 86
74 88
74 91
75 75
75 80
75 83
75 87
75 91
75 99
76 82
77 84
77 85
77 86
77 90
77 94
78 78
78 82
78 86
78 87
78 94
79 79
79 80
79 87
79 88
79 94
80 81
80 87
80 89
80 91
81 83
81 85
81 86
81 87
81 89
81 92
81 98
82 85
82 87
82 97
83 89
83 93
84 84
84 91
84 93
84 94
84 95
84 96
85 89
85 95
85 98
86 87
86 88
86 95
86 97
87 87
87 89
87 92
87 94
87 96
88 88
88 99
89 90
91 93
91 97
92 94
92 97
93 95
93 97
93 99
94 94
94 96
95 99
96 96
97 98
98 98
