100
1000
0
99
0 2
0 15
0 22
0 43
0 45
0 49
0 63
0 64
0 66
0 68
0 69
0 72
0 74
0 75
0 76
0 77
0 83
0 86
0 90
0 91
0 92
0 93
0 97
0 99
1 11
1 23
1 36
1 49
1 50
1 51
1 53
1 59
1 63
1 71
1 76
1 77
1 78
1 80
1 82
1 85
1 86
1 90
1 92
1 94
1 95
2 2
2 6
2 50
2 51
2 55
2 60
2 64
2 66
2 68
2 71
2 80
2 83
2 88
2 91
2 96
2 98
3 21
3 27
3 38
3 53
3 54
3 55
3 57
3 59
3 60
3 62
3 63
3 66
3 75
3 79
3 80
3 81
3 82
3 87
3 91
3 93
3 98
4 19
4 44
4 47
4 50
4 51
4 52
4 55
4 56
4 58
4 61
4 63
4 66
4 67
4 68
4 69
4 70
4 72
4 74
4 79
4 80
4 83
4 88
4 90
4 91
4 95
4 98
5 8
5 42
5 44
5 50
5 56
5 57
5 59
5 60
5 65
5 74
5 76
5 78
5 81
5 86
5 89
5 92
5 93
5 95
6 18
6 27
6 54
6 57
6 61
6 65
6 69
6 70
6 79
6 93
7 29
7 43
7 50
7 55
7 60
7 62
7 67
7 69
7 70
7 71
7 75
7 76
7 79
7 82
7 85
7 87
7 88
7 90
7 95
7 98
7 99
8 10
8 11
8 24
8 37
8 56
8 57
8 59
8 64
8 68
8 70
8 72
8 77
8 79
8 81
8 82
8 83
8 84
8 85
8 87
8 90
8 94
8 95
8 96
9 23
9 27
9 46
9 47
9 49
9 52
9 54
9 57
9 59
9 60
9 61
9 64
9 70
9 72
9 77
9 81
9 83
9 84
9 85
9 86
9 90
9 93
9 94
9 95
9 96
9 97
9 98
10 37
10 41
10 42
10 52
10 53
10 56
10 59
10 62
10 65
10 66
10 68
10 82
10 84
10 86
10 88
10 93
10 96
11 14
11 28
11 52
11 53
11 55
11 57
11 59
11 60
11 62
11 63
11 64
11 66
11 69
11 70
11 71
11 76
11 77
11 82
11 83
11 84
11 87
11 88
11 90
11 96
11 98
12 14
12 27
12 50
12 54
12 55
12 60
12 64
12 77
12 78
12 79
12 81
12 83
12 88
12 89
12 91
12 97
12 98
13 43
13 50
13 51
13 52
13 56
13 60
13 64
13 67
13 69
13 71
13 73
13 79
13 80
13 81
13 86
13 88
13 89
13 90
13 96
13 97
14 17
14 50
14 60
14 69
14 70
14 71
14 79
14 81
14 82
14 83
14 84
14 86
14 98
15 18
15 24
15 31
15 51
15 54
15 57
15 58
15 62
15 63
15 64
15 66
15 69
15 75
15 79
15 83
15 93
15 94
15 96
16 50
16 54
16 55
16 56
16 57
16 59
16 62
16 64
16 65
16 69
16 76
16 77
16 79
16 80
16 84
16 93
16 95
17 30
17 33
17 35
17 47
17 53
17 54
17 63
17 65
17 66
17 67
17 68
17 74
17 76
17 77
17 87
17 89
17 91
17 92
17 94
18 19
18 22
18 24
18 32
18 52
18 55
18 61
18 69
18 76
18 79
18 83
19 31
19 51
19 52
19 53
19 56
19 68
19 73
19 75
19 77
19 78
19 85
19 87
19 90
19 92
19 95
19 98
20 20
20 27
20 31
20 50
20 51
20 53
20 54
20 57
20 59
20 60
20 66
20 75
20 77
20 83
20 86
20 89
20 92
20 95
20 98
20 99
21 63
21 65
21 70
21 76
21 78
21 82
21 85
21 86
21 94
21 98
22 29
22 32
22 52
22 55
22 56
22 60
22 61
22 63
22 64
22 65
22 66
22 73
22 74
22 78
22 82
22 87
22 88
22 89
22 98
22 99
23 35
23 39
23 45
23 56
23 59
23 61
23 63
23 64
23 68
23 69
23 71
23 72
23 74
23 75
23 77
23 79
23 80
23 83
23 84
23 87
23 90
23 93
23 95
23 98
24 37
24 50
24 52
24 54
24 56
24 57
24 58
24 59
24 62
24 64
24 65
24 67
24 68
24 69
24 70
24 76
24 82
24 83
24 89
24 90
24 91
24 95
24 96
25 29
25 39
25 41
25 50
25 51
25 54
25 58
25 62
25 65
25 66
25 70
25 76
25 78
25 81
25 91
25 93
25 94
25 97
26 40
26 42
26 45
26 51
26 53
26 54
26 55
26 58
26 60
26 76
26 80
26 82
26 84
26 90
26 95
26 97
26 99
27 33
27 38
27 55
27 56
27 57
27 59
27 60
27 61
27 63
27 68
27 70
27 75
27 76
27 78
27 81
27 82
27 85
27 91
27 93
27 95
28 28
28 39
28 48
28 53
28 55
28 56
28 57
28 62
28 66
28 67
28 68
28 71
28 72
28 78
28 81
28 82
28 88
28 89
28 90
28 95
28 96
29 34
29 40
29 43
29 52
29 53
29 54
29 57
29 60
29 65
29 66
29 67
29 71
29 72
29 77
29 78
29 85
29 88
29 94
29 95
29 98
30 49
30 54
30 55
30 57
30 58
30 59
30 66
30 67
30 70
30 76
30 78
30 83
30 84
30 87
30 91
30 98
31 39
31 52
31 55
31 57
31 64
31 65
31 66
31 67
31 68
31 71
31 76
31 79
31 80
31 81
31 83
31 85
31 86
31 92
31 93
31 95
31 97
31 99
32 52
32 53
32 56
32 58
32 65
32 66
32 70
32 72
32 74
32 78
32 83
32 86
32 89
32 93
32 95
32 97
33 50
33 51
33 53
33 54
33 60
33 61
33 63
33 67
33 68
33 74
33 78
33 79
33 84
33 85
33 86
33 87
34 56
34 58
34 59
34 64
34 67
34 69
34 70
34 71
34 74
34 76
34 83
34 87
34 88
34 93
34 94
34 95
34 98
34 99
35 43
35 44
35 47
35 50
35 58
35 59
35 60
35 61
35 79
35 88
35 92
35 93
35 96
35 98
36 51
36 58
36 59
36 65
36 66
36 68
36 79
36 82
36 84
36 85
36 87
36 93
36 97
37 50
37 52
37 53
37 56
37 57
37 62
37 64
37 65
37 72
37 75
37 78
37 79
37 81
37 82
37 83
37 87
37 93
37 98
37 99
38 50
38 51
38 58
38 59
38 60
38 61
38 64
38 66
38 67
38 74
38 75
38 77
38 81
38 82
38 84
38 90
38 92
38 93
38 96
38 98
38 99
39 47
39 50
39 54
39 55
39 58
39 62
39 70
39 75
39 79
39 80
39 84
39 85
39 86
39 88
39 90
39 93
40 50
40 54
40 55
40 56
40 59
40 63
40 64
40 72
40 82
40 88
40 92
40 95
40 96
40 97
41 55
41 59
41 61
41 63
41 66
41 69
41 77
41 83
41 87
41 88
41 90
41 94
41 98
41 99
42 50
42 51
42 52
42 57
42 61
42 65
42 66
42 70
42 71
42 72
42 73
42 74
42 75
42 76
42 77
42 78
42 82
42 86
42 93
42 96
42 97
43 47
43 51
43 53
43 55
43 64
43 67
43 72
43 76
43 79
43 80
43 81
43 86
43 87
43 89
43 91
43 95
44 45
44 48
44 50
44 52
44 57
44 60
44 61
44 62
44 63
44 64
44 65
44 67
44 76
44 80
44 83
44 93
44 94
44 97
45 50
45 54
45 56
45 57
45 58
45 59
45 60
45 64
45 65
45 66
45 69
45 72
45 74
45 75
45 89
45 92
45 93
45 95
45 96
45 97
46 54
46 64
46 68
46 69
46 71
46 73
46 75
46 82
46 83
46 87
46 88
46 92
46 96
46 97
47 51
47 54
47 55
47 56
47 57
47 58
47 62
47 64
47 72
47 74
47 75
47 80
47 82
47 84
47 90
47 99
48 52
48 53
48 57
48 58
48 60
48 61
48 62
48 64
48 65
48 66
48 67
48 69
48 73
48 74
48 76
48 79
48 85
48 89
48 91
48 93
48 97
48 98
48 99
49 54
49 55
49 57
49 59
49 60
49 62
49 63
49 67
49 70
49 71
49 79
49 81
49 87
49 92
49 93
49 94
49 97
49 99
50 54
50 57
50 61
50 68
50 83
50 96
50 97
51 94
52 67
52 87
53 63
53 68
53 90
54 61
54 67
55 57
55 91
56 61
56 70
56 78
57 71
57 98
58 78
58 79
58 80
58 91
58 94
59 67
59 91
59 95
60 75
60 94
60 97
61 73
61 75
61 80
61 90
61 93
62 65
62 70
62 71
62 75
62 82
63 71
63 86
64 92
65 74
66 97
67 79
67 83
68 86
69 75
69 81
69 95
71 74
71 94
72 77
72 81
72 88
72 90
73 74
73 89
73 91
73 92
73 94
73 98
75 75
76 93
76 97
78 97
79 92
79 97
80 90
82 95
85 93
86 88
86 92
87 90
88 97
89 94
92 95
95 96
