100
1800
0
99
0 4
0 5
0 7
0 17
0 19
0 24
0 25
0 42
0 46
0 51
0 52
0 53
0 59
0 60
0 61
0 63
0 67
0 69
0 70
0 71
0 72
0 73
0 74
0 75
0 81
0 82
0 83
0 84
0 85
0 89
0 91
0 93
0 94
0 96
0 97
1 6
1 25
1 29
1 37
1 49
1 50
1 53
1 54
1 55
1 56
1 58
1 59
1 60
1 61
1 62
1 63
1 64
1 65
1 66
1 68
1 73
1 74
1 75
1 79
1 80
1 82
1 84
1 85
1 87
1 88
1 89
1 90
1 92
1 93
1 94
1 95
1 97
1 99
2 5
2 7
2 9
2 28
2 41
2 53
2 54
2 57
2 58
2 60
2 61
2 64
2 65
2 66
2 67
2 68
2 70
2 73
2 74
2 75
2 79
2 80
2 81
2 82
2 83
2 84
2 86
2 87
2 89
2 90
2 91
2 92
2 95
2 96
2 97
2 98
3 21
3 22
3 24
3 32
3 33
3 41
3 47
3 52
3 56
3 58
3 59
3 60
3 61
3 62
3 63
3 64
3 65
3 71
3 75
3 76
3 77
3 78
3 79
3 80
3 81
3 83
3 84
3 85
3 86
3 87
3 90
3 91
3 93
3 94
3 95
3 97
3 98
3 99
4 6
4 8
4 13
4 16
4 21
4 26
4 40
4 51
4 52
4 53
4 55
4 58
4 60
4 62
4 63
4 64
4 65
4 66
4 67
4 69
4 70
4 71
4 74
4 75
4 77
4 78
4 80
4 85
4 86
4 88
4 89
4 90
4 91
4 96
4 97
4 98
4 99
5 7
5 10
5 12
5 13
5 15
5 26
5 29
5 30
5 31
5 33
5 35
5 36
5 43
5 48
5 49
5 50
5 51
5 52
5 55
5 56
5 57
5 58
5 59
5 60
5 71
5 77
5 79
5 82
5 83
5 84
5 85
5 88
5 89
5 91
5 92
5 93
5 95
5 96
5 97
6 11
6 13
6 22
6 24
6 34
6 36
6 38
6 46
6 54
6 55
6 56
6 57
6 58
6 59
6 60
6 61
6 62
6 64
6 65
6 70
6 73
6 74
6 75
6 76
6 77
6 78
6 82
6 83
6 84
6 88
6 90
6 91
6 93
6 94
6 95
6 96
6 98
6 99
7 16
7 18
7 26
7 33
7 39
7 41
7 51
7 52
7 56
7 57
7 58
7 60
7 62
7 63
7 64
7 66
7 68
7 69
7 70
7 71
7 72
7 73
7 78
7 80
7 81
7 82
7 85
7 86
7 88
7 89
7 90
7 91
7 93
7 96
7 99
8 8
8 9
8 33
8 36
8 47
8 50
8 51
8 52
8 53
8 61
8 63
8 64
8 65
8 66
8 67
8 68
8 69
8 71
8 73
8 75
8 77
8 79
8 83
8 84
8 86
8 87
8 92
8 93
8 95
8 98
8 99
9 13
9 22
9 34
9 38
9 41
9 43
9 45
9 48
9 50
9 51
9 52
9 54
9 55
9 58
9 59
9 61
9 66
9 68
9 70
9 76
9 77
9 78
9 79
9 80
9 81
9 82
9 84
9 85
9 88
9 89
9 91
9 92
9 93
9 95
9 96
9 98
9 99
10 11
10 17
10 19
10 25
10 26
10 27
10 31
10 32
10 36
10 50
10 52
10 53
10 54
10 56
10 58
10 60
10 61
10 62
10 65
10 67
10 69
10 70
10 72
10 73
10 74
10 76
10 77
10 80
10 83
10 84
10 85
10 87
10 91
10 96
10 97
11 19
11 30
11 42
11 44
11 47
11 50
11 51
11 52
11 54
11 56
11 57
11 58
11 60
11 66
11 67
11 69
11 71
11 74
11 75
11 77
11 78
11 80
11 81
11 84
11 86
11 89
11 91
11 93
11 94
11 95
11 96
11 98
12 14
12 21
12 25
12 26
12 27
12 31
12 36
12 52
12 53
12 58
12 60
12 61
12 65
12 66
12 69
12 72
12 75
12 78
12 79
12 81
12 82
12 83
12 84
12 85
12 86
12 88
12 89
12 92
12 94
12 95
12 96
12 97
12 98
12 99
13 30
13 33
13 39
13 42
13 46
13 48
13 49
13 51
13 54
13 57
13 59
13 60
13 61
13 65
13 66
13 68
13 69
13 70
13 72
13 73
13 75
13 76
13 77
13 78
13 79
13 80
13 82
13 83
13 84
13 86
13 90
13 92
13 93
13 97
13 98
14 14
14 19
14 22
14 30
14 35
14 50
14 51
14 53
14 54
14 57
14 58
14 60
14 61
14 62
14 63
14 64
14 65
14 66
14 68
14 75
14 76
14 77
14 79
14 81
14 83
14 84
14 86
14 89
14 90
14 94
14 96
14 99
15 18
15 29
15 31
15 41
15 51
15 52
15 53
15 56
15 58
15 59
15 61
15 63
15 64
15 65
15 70
15 72
15 74
15 75
15 77
15 78
15 81
15 83
15 84
15 87
15 89
15 90
15 92
15 95
15 96
15 98
15 99
16 17
16 19
16 24
16 27
16 31
16 32
16 41
16 51
16 54
16 55
16 56
16 59
16 60
16 63
16 65
16 67
16 70
16 72
16 76
16 78
16 79
16 82
16 84
16 85
16 88
16 89
16 95
16 96
17 20
17 24
17 27
17 40
17 41
17 47
17 50
17 51
17 52
17 55
17 58
17 59
17 60
17 62
17 63
17 64
17 65
17 66
17 68
17 69
17 71
17 73
17 75
17 76
17 77
17 78
17 79
17 82
17 83
17 87
17 89
17 94
17 95
17 96
17 97
18 21
18 25
18 34
18 44
18 46
18 50
18 54
18 57
18 58
18 59
18 61
18 62
18 63
18 64
18 65
18 66
18 70
18 71
18 73
18 74
18 78
18 80
18 82
18 85
18 88
18 89
18 90
18 91
18 92
18 99
19 24
19 27
19 29
19 31
19 39
19 41
19 48
19 51
19 52
19 53
19 54
19 56
19 57
19 58
19 59
19 61
19 62
19 64
19 65
19 66
19 69
19 72
19 76
19 77
19 80
19 81
19 82
19 84
19 86
19 87
19 88
19 89
19 90
19 91
19 92
19 94
19 95
19 96
19 97
19 98
20 20
20 26
20 28
20 30
20 39
20 46
20 50
20 52
20 53
20 54
20 57
20 59
20 60
20 61
20 62
20 63
20 65
20 67
20 68
20 69
20 71
20 80
20 83
20 84
20 87
20 88
20 89
20 90
20 91
20 92
20 93
20 94
20 95
20 97
21 22
21 23
21 29
21 34
21 36
21 40
21 43
21 51
21 52
21 53
21 57
21 65
21 66
21 67
21 71
21 72
21 73
21 75
21 76
21 77
21 78
21 82
21 88
21 89
21 90
21 94
21 96
21 98
21 99
22 30
22 31
22 44
22 45
22 50
22 52
22 53
22 54
22 55
22 58
22 59
22 60
22 61
22 62
22 63
22 65
22 66
22 69
22 73
22 74
22 75
22 76
22 78
22 79
22 80
22 81
22 82
22 83
22 85
22 86
22 87
22 88
22 90
22 91
22 92
22 95
22 96
22 98
22 99
23 25
23 44
23 46
23 50
23 51
23 54
23 56
23 57
23 59
23 61
23 64
23 65
23 66
23 67
23 68
23 74
23 75
23 76
23 78
23 79
23 83
23 84
23 85
23 88
23 93
23 95
23 96
23 97
23 98
23 99
24 25
24 30
24 37
24 38
24 43
24 52
24 62
24 63
24 64
24 65
24 68
24 69
24 70
24 72
24 73
24 75
24 76
24 77
24 78
24 79
24 80
24 81
24 82
24 83
24 85
24 86
24 87
24 89
24 91
24 92
24 95
24 96
24 98
24 99
25 45
25 50
25 52
25 53
25 55
25 57
25 59
25 65
25 67
25 68
25 69
25 70
25 71
25 72
25 78
25 82
25 87
25 89
25 91
25 94
25 95
25 97
25 98
26 26
26 50
26 52
26 53
26 54
26 55
26 60
26 61
26 63
26 64
26 65
26 67
26 68
26 71
26 73
26 75
26 76
26 82
26 83
26 84
26 86
26 88
26 89
26 91
26 93
26 96
26 97
27 39
27 40
27 50
27 51
27 53
27 54
27 55
27 58
27 60
27 61
27 63
27 64
27 66
27 72
27 74
27 76
27 77
27 78
27 79
27 82
27 84
27 90
27 94
27 95
27 98
27 99
28 34
28 40
28 41
28 43
28 45
28 50
28 52
28 54
28 55
28 56
28 57
28 59
28 63
28 64
28 65
28 67
28 68
28 71
28 72
28 73
28 74
28 75
28 78
28 79
28 80
28 82
28 83
28 85
28 88
28 90
28 91
28 93
28 95
28 97
28 98
29 35
29 51
29 52
29 53
29 54
29 55
29 56
29 57
29 58
29 59
29 62
29 64
29 66
29 67
29 68
29 69
29 71
29 72
29 73
29 74
29 76
29 77
29 78
29 79
29 83
29 84
29 85
29 87
29 88
29 90
29 91
29 92
29 93
29 95
29 96
29 98
30 36
30 40
30 41
30 43
30 45
30 48
30 54
30 57
30 58
30 60
30 62
30 64
30 65
30 73
30 74
30 75
30 76
30 77
30 78
30 88
30 89
30 93
30 95
30 96
30 97
30 99
31 32
31 41
31 42
31 43
31 44
31 45
31 48
31 49
31 52
31 53
31 54
31 55
31 56
31 57
31 58
31 59
31 61
31 62
31 67
31 68
31 72
31 74
31 76
31 77
31 78
31 79
31 80
31 81
31 84
31 85
31 86
31 87
31 91
31 92
31 95
31 97
31 98
31 99
32 34
32 50
32 53
32 56
32 58
32 59
32 60
32 61
32 63
32 64
32 66
32 68
32 69
32 70
32 71
32 72
32 73
32 76
32 77
32 79
32 80
32 82
32 84
32 86
32 87
32 88
32 89
32 90
32 91
32 92
32 93
32 95
32 96
32 97
33 33
33 41
33 48
33 51
33 52
33 54
33 56
33 57
33 58
33 59
33 61
33 62
33 63
33 64
33 65
33 72
33 73
33 74
33 77
33 80
33 82
33 83
33 84
33 85
33 89
33 92
33 95
33 97
33 98
33 99
34 36
34 45
34 52
34 53
34 54
34 56
34 57
34 59
34 61
34 63
34 67
34 68
34 72
34 73
34 78
34 79
34 80
34 81
34 83
34 87
34 88
34 89
34 90
34 94
34 97
34 98
34 99
35 37
35 38
35 41
35 46
35 51
35 54
35 55
35 56
35 57
35 58
35 61
35 62
35 63
35 65
35 67
35 70
35 72
35 73
35 75
35 76
35 77
35 79
35 81
35 82
35 84
35 85
35 86
35 88
35 90
35 91
35 94
35 95
35 96
35 97
35 99
36 39
36 47
36 50
36 51
36 53
36 54
36 55
36 57
36 58
36 59
36 61
36 62
36 63
36 65
36 68
36 69
36 70
36 71
36 72
36 74
36 76
36 77
36 80
36 81
36 82
36 83
36 84
36 85
36 87
36 89
36 90
36 91
36 93
36 95
36 97
36 98
36 99
37 49
37 52
37 53
37 54
37 57
37 59
37 62
37 63
37 64
37 65
37 68
37 71
37 72
37 73
37 74
37 75
37 76
37 77
37 78
37 80
37 81
37 84
37 88
37 91
37 92
37 93
37 98
38 48
38 50
38 54
38 56
38 57
38 58
38 59
38 61
38 62
38 63
38 65
38 68
38 69
38 70
38 71
38 72
38 77
38 80
38 81
38 82
38 83
38 85
38 87
38 90
38 91
38 92
38 93
38 94
38 95
38 99
39 40
39 42
39 44
39 46
39 50
39 53
39 54
39 55
39 56
39 59
39 60
39 61
39 63
39 64
39 67
39 69
39 70
39 74
39 75
39 76
39 78
39 80
39 81
39 83
39 84
39 85
39 88
39 89
39 90
39 92
39 93
39 94
39 96
39 97
40 40
40 47
40 50
40 51
40 52
40 53
40 54
40 60
40 61
40 62
40 64
40 68
40 69
40 70
40 71
40 72
40 74
40 79
40 80
40 81
40 82
40 83
40 84
40 86
40 87
40 88
40 91
40 94
40 96
40 97
40 98
41 42
41 46
41 48
41 49
41 50
41 53
41 54
41 55
41 56
41 59
41 60
41 62
41 65
41 68
41 69
41 75
41 78
41 82
41 84
41 88
41 90
41 92
41 94
41 99
42 54
42 56
42 57
42 59
42 62
42 67
42 69
42 70
42 71
42 76
42 77
42 79
42 80
42 83
42 84
42 86
42 87
42 88
42 90
42 92
42 93
42 94
42 95
42 96
42 98
43 50
43 51
43 54
43 55
43 56
43 60
43 62
43 64
43 65
43 68
43 69
43 71
43 75
43 76
43 77
43 78
43 79
43 80
43 81
43 87
43 89
43 90
43 93
43 94
43 97
43 98
44 50
44 51
44 53
44 54
44 55
44 58
44 59
44 61
44 62
44 63
44 64
44 65
44 66
44 67
44 70
44 71
44 72
44 73
44 76
44 77
44 79
44 80
44 82
44 83
44 87
44 90
44 94
44 96
44 98
44 99
45 48
45 51
45 52
45 53
45 58
45 59
45 61
45 62
45 63
45 64
45 66
45 67
45 69
45 72
45 73
45 74
45 75
45 80
45 81
45 84
45 86
45 87
45 89
45 91
45 94
45 97
45 98
46 50
46 52
46 53
46 54
46 56
46 59
46 60
46 62
46 65
46 66
46 67
46 68
46 71
46 72
46 73
46 74
46 77
46 78
46 79
46 83
46 84
46 85
46 86
46 87
46 89
46 90
46 91
46 93
46 95
47 50
47 51
47 52
47 53
47 54
47 59
47 60
47 61
47 62
47 63
47 64
47 65
47 66
47 67
47 70
47 72
47 75
47 80
47 81
47 85
47 88
47 89
47 90
47 91
47 92
47 94
47 98
47 99
48 51
48 53
48 55
48 56
48 57
48 58
48 62
48 64
48 65
48 67
48 68
48 69
48 77
48 80
48 81
48 82
48 83
48 85
48 86
48 87
48 90
48 91
48 94
48 95
48 96
48 97
49 51
49 52
49 53
49 55
49 56
49 58
49 59
49 60
49 61
49 64
49 66
49 71
49 75
49 76
49 77
49 78
49 80
49 81
49 83
49 84
49 87
49 88
49 89
49 92
49 93
49 95
49 96
49 97
49 98
49 99
50 57
50 62
50 69
50 71
50 78
50 88
50 91
50 96
51 52
51 57
51 67
51 70
51 85
51 94
52 52
52 64
52 65
52 69
52 70
52 79
52 82
52 83
52 96
53 59
53 64
53 77
53 78
53 81
53 82
53 94
53 96
53 98
54 64
54 83
54 94
54 95
55 67
55 69
55 84
55 95
55 98
56 57
56 61
56 68
56 72
56 77
56 90
56 92
56 93
57 71
57 80
57 81
57 91
57 94
57 99
58 62
58 72
58 92
58 94
59 66
59 77
59 91
59 98
60 60
60 67
60 87
60 89
60 94
60 96
61 61
61 86
61 96
61 99
62 62
62 74
62 76
62 82
62 87
62 95
62 96
62 98
63 65
63 68
63 73
63 78
63 80
63 83
63 86
63 92
63 99
64 70
64 90
64 94
64 95
65 65
65 73
65 78
65 82
65 86
65 92
65 95
66 69
66 99
67 83
67 94
68 72
68 82
68 89
68 99
69 75
69 78
69 79
69 84
69 97
70 89
70 92
70 94
70 96
71 72
71 73
71 77
71 78
71 88
72 79
72 86
72 93
72 94
72 97
73 93
74 74
74 79
74 80
74 81
74 83
74 85
74 87
74 91
74 93
74 98
74 99
75 82
75 86
75 93
76 79
76 83
76 89
76 90
77 88
78 79
78 81
78 86
78 87
78 90
79 82
79 83
79 86
79 96
79 97
80 90
80 91
80 98
81 97
82 94
82 95
82 97
82 98
83 96
84 88
84 94
84 96
84 99
85 86
85 90
85 94
85 97
85 99
86 87
86 97
87 88
87 93
87 95
87 99
88 91
88 98
89 93
89 96
89 99
90 94
90 95
90 98
91 99
92 92
93 93
94 94
94 97
94 99
98 99
